gcnalign_random	30	20	40	20	[10.895 22.343 27.152 39.219 44.924]	1590.654	0.164719
gcnalign_random	20	20	30	10	[ 9.858 21.417 26.75  39.867 45.817]	1753.688	0.156216
gcnalign_random	40	0	40	0	[19.967 37.111 44.122 58.278 64.411]	780.404	0.281838
gcnalign_random	30	40	30	0	[ 9.99  20.362 24.933 36.39  41.724]	1891.814	0.151032
gcnalign_random	30	0	10	40	[16.4   31.695 39.343 54.581 61.629]	816.355	0.239241
gcnalign_random	40	10	40	0	[16.944 32.3   38.667 52.4   58.311]	1002.913	0.243002
gcnalign_random	30	30	0	0	[18.067 35.038 42.019 56.505 61.781]	1116.872	0.262032
gcnalign_random	20	50	10	40	[ 4.775 11.117 14.308 22.783 27.433]	2716.725	0.080831
gcnalign_random	30	0	40	30	[12.914 25.533 31.057 44.838 52.038]	1106.062	0.191923
gcnalign_random	40	30	20	20	[15.211 29.433 35.3   46.978 52.578]	1207.872	0.219971
gcnalign_random	40	10	40	30	[15.278 27.956 33.267 46.267 52.567]	1112.783	0.215193
gcnalign_random	10	50	10	0	[ 4.489 11.415 15.    25.615 30.867]	2916.129	0.080925
gcnalign_random	30	30	20	30	[10.571 21.562 26.59  38.524 44.267]	1649.833	0.159874
gcnalign_random	40	0	10	10	[29.078 51.133 58.711 73.267 78.811]	406.250	0.393072
gcnalign_random	20	30	30	0	[ 8.567 19.417 24.425 36.2   41.875]	2024.146	0.139346
gcnalign_random	30	40	40	30	[ 6.829 14.114 17.467 26.619 31.924]	2218.203	0.105572
gcnalign_random	40	10	20	0	[24.956 44.333 51.778 66.033 71.411]	686.668	0.341350
gcnalign_random	40	0	30	20	[21.633 39.489 46.544 61.1   67.133]	655.518	0.301203
gcnalign_random	10	30	40	0	[ 2.985  7.978 11.015 19.207 24.03 ]	3249.080	0.056652
gcnalign_random	20	20	30	20	[ 9.258 19.775 24.717 36.833 42.942]	1845.183	0.145099
gcnalign_random	30	40	10	30	[ 9.6   21.133 26.162 38.486 44.438]	1622.740	0.152677
gcnalign_random	50	50	10	0	[15.787 31.213 37.2   49.933 55.44 ]	1027.176	0.231433
gcnalign_random	30	30	40	40	[ 7.01  14.352 17.886 27.381 32.571]	2132.831	0.107585
gcnalign_random	50	40	20	10	[16.987 31.907 38.267 51.547 56.6  ]	992.500	0.242585
gcnalign_random	40	40	40	0	[ 9.756 20.511 25.622 36.511 41.756]	1707.841	0.151642
gcnalign_random	30	50	20	40	[ 6.486 13.6   17.086 26.238 31.324]	2252.005	0.101417
gcnalign_random	40	10	0	10	[27.1   47.967 55.3   69.633 75.133]	548.314	0.368215
gcnalign_random	40	30	10	0	[20.133 37.5   43.9   57.256 62.156]	988.300	0.283361
gcnalign_random	50	20	30	10	[20.773 37.6   44.173 58.04  63.907]	787.692	0.287920
gcnalign_random	40	20	30	20	[16.144 30.633 36.533 50.444 55.744]	1075.516	0.231396
gcnalign_random	30	50	0	30	[ 8.505 19.048 23.933 35.838 41.781]	1811.647	0.137102
gcnalign_random	30	50	10	10	[10.543 22.276 28.095 40.867 46.2  ]	1677.153	0.163735
gcnalign_random	10	20	10	10	[ 7.363 18.104 23.741 37.985 44.622]	1893.703	0.128513
gcnalign_random	50	0	30	20	[25.68  44.667 51.827 66.147 71.987]	501.444	0.345043
gcnalign_random	10	50	40	0	[ 2.296  6.259  8.267 14.363 18.119]	3801.127	0.043989
gcnalign_random	30	20	40	10	[10.943 22.962 28.057 40.476 46.486]	1548.620	0.168216
gcnalign_random	50	40	10	20	[17.187 32.933 39.187 52.733 58.64 ]	907.517	0.246974
gcnalign_random	20	20	20	40	[ 7.975 17.825 22.633 34.183 40.217]	1886.697	0.129607
gcnalign_random	10	0	0	10	[11.748 26.133 33.867 52.659 60.57 ]	1012.381	0.190137
gcnalign_random	40	20	30	0	[17.533 34.233 40.489 53.467 59.644]	1024.252	0.254634
gcnalign_random	30	20	0	20	[17.571 34.59  41.638 57.067 62.79 ]	962.509	0.257602
gcnalign_random	40	50	40	30	[ 6.811 13.856 17.089 26.211 30.822]	2048.594	0.104557
gcnalign_random	50	10	40	40	[15.387 28.093 32.853 44.973 50.84 ]	1019.661	0.215639
gcnalign_random	30	0	40	0	[15.895 31.495 38.152 53.133 59.676]	1002.104	0.235695
gcnalign_random	40	20	0	20	[22.256 42.044 49.222 63.122 68.5  ]	724.282	0.314398
gcnalign_random	20	0	0	20	[18.075 37.267 45.183 62.425 69.208]	723.160	0.271959
gcnalign_random	20	20	40	30	[ 7.025 15.192 19.142 29.4   34.983]	2175.474	0.112037
gcnalign_random	50	10	0	40	[21.853 40.573 47.84  62.947 69.253]	567.759	0.308016
gcnalign_random	50	0	40	40	[17.52  31.48  37.053 50.533 57.32 ]	794.776	0.244098
gcnalign_random	40	50	20	0	[11.689 25.033 30.411 42.556 47.789]	1468.890	0.180880
gcnalign_random	30	30	20	20	[12.39  25.076 30.524 43.686 49.629]	1447.918	0.187167
gcnalign_random	50	40	10	30	[14.653 28.64  34.373 46.987 52.28 ]	1044.900	0.213751
gcnalign_random	40	20	0	0	[25.811 46.3   53.811 67.3   72.033]	649.426	0.354072
gcnalign_random	40	10	40	40	[13.122 25.756 30.844 42.9   48.978]	1245.798	0.192889
gcnalign_random	50	0	40	30	[19.787 35.293 41.627 55.72  62.227]	700.743	0.273969
gcnalign_random	30	0	0	0	[28.876 51.429 59.943 74.924 80.267]	433.393	0.394055
gcnalign_random	40	40	0	10	[17.056 33.333 39.7   52.978 58.322]	1062.026	0.248367
gcnalign_random	40	30	20	10	[16.9   32.344 38.033 50.8   56.244]	1174.977	0.241093
gcnalign_random	10	30	10	10	[ 6.356 15.859 20.719 34.267 40.178]	2199.273	0.112528
gcnalign_random	50	10	30	30	[20.84  36.867 43.067 57.253 62.88 ]	746.073	0.285953
gcnalign_random	20	30	0	20	[11.058 24.725 31.3   45.55  51.625]	1477.196	0.177915
gcnalign_random	30	10	20	10	[18.171 34.429 41.876 56.581 63.229]	913.393	0.260918
gcnalign_random	30	10	0	10	[22.41  41.752 49.667 65.914 71.248]	672.436	0.316043
gcnalign_random	40	50	30	0	[ 9.8   20.211 24.911 35.878 41.133]	1722.406	0.149261
gcnalign_random	40	20	10	10	[22.178 41.722 49.067 62.9   67.956]	764.215	0.313042
gcnalign_random	40	0	30	0	[23.411 42.978 50.411 65.122 71.189]	590.769	0.325146
gcnalign_random	50	10	0	0	[35.453 57.64  64.933 77.227 81.6  ]	391.742	0.456778
gcnalign_random	10	0	10	10	[10.933 24.415 31.519 49.059 56.933]	1150.071	0.177473
gcnalign_random	20	30	30	10	[ 8.4   18.708 23.183 34.908 40.108]	2045.110	0.134542
gcnalign_random	10	0	10	0	[10.852 24.385 31.156 48.096 55.993]	1223.002	0.176155
gcnalign_random	40	50	0	0	[14.844 28.7   34.922 47.578 52.578]	1304.379	0.215180
gcnalign_random	50	30	0	30	[18.84  35.547 42.16  56.053 61.493]	787.590	0.268406
gcnalign_random	30	50	0	0	[12.076 25.667 31.419 44.267 49.219]	1625.525	0.186200
gcnalign_random	10	10	40	20	[ 4.519 11.207 14.763 25.919 31.793]	2466.529	0.080899
gcnalign_random	50	40	20	0	[18.293 34.893 41.48  54.547 60.373]	919.918	0.261857
gcnalign_random	20	0	30	20	[13.308 26.85  33.417 48.625 55.358]	1141.781	0.200749
gcnalign_random	50	20	20	0	[25.973 45.413 52.307 65.693 70.453]	646.663	0.349871
gcnalign_random	10	50	30	10	[ 3.03   7.778 10.067 17.437 21.733]	3423.248	0.054898
gcnalign_random	40	30	10	20	[17.289 34.367 40.722 53.933 59.389]	1045.570	0.252184
gcnalign_random	40	40	30	10	[12.167 24.311 29.533 41.544 46.811]	1443.278	0.180701
gcnalign_random	20	30	10	20	[10.175 22.008 27.6   40.367 46.183]	1746.066	0.160324
gcnalign_random	10	30	10	30	[ 4.956 12.363 16.141 27.4   33.215]	2526.807	0.088089
gcnalign_random	30	50	40	40	[ 4.895 10.133 12.61  19.914 24.276]	2608.166	0.076459
gcnalign_random	50	10	40	30	[17.147 31.587 37.36  50.773 56.533]	895.214	0.242244
gcnalign_random	30	20	10	30	[14.724 29.543 35.762 49.971 56.39 ]	1160.415	0.218791
gcnalign_random	40	10	10	40	[17.344 33.933 40.278 54.233 60.378]	866.669	0.251306
gcnalign_random	40	40	0	20	[14.711 29.867 36.078 48.333 53.933]	1172.701	0.219833
gcnalign_random	10	20	20	20	[ 6.111 14.578 19.4   32.178 38.422]	2198.370	0.106050
gcnalign_random	40	0	30	10	[22.856 41.411 47.844 63.356 69.378]	622.821	0.315988
gcnalign_random	20	10	40	10	[ 9.3   20.167 25.275 38.8   45.017]	1742.320	0.147643
gcnalign_random	50	40	20	30	[13.627 25.987 31.347 43.533 49.28 ]	1156.626	0.197039
gcnalign_random	30	0	40	40	[11.238 21.79  26.524 39.438 46.267]	1328.820	0.165757
gcnalign_random	50	30	20	40	[14.693 28.133 33.547 46.573 52.333]	1039.344	0.212609
gcnalign_random	50	10	40	0	[21.107 37.6   44.413 58.12  64.013]	745.716	0.289884
gcnalign_random	10	30	0	40	[ 4.37  10.815 14.141 23.881 29.563]	2709.646	0.077191
gcnalign_random	50	0	10	20	[31.933 52.92  60.76  75.44  80.413]	339.188	0.418677
gcnalign_random	30	10	30	10	[15.952 30.829 37.19  51.581 57.562]	1097.917	0.230465
gcnalign_random	40	20	10	40	[15.289 30.189 35.833 49.278 54.978]	1064.284	0.224213
gcnalign_random	10	40	30	20	[ 3.422  8.259 10.867 18.667 23.644]	3244.308	0.060451
gcnalign_random	50	20	10	20	[24.413 43.053 50.227 64.68  70.28 ]	628.415	0.332724
gcnalign_random	50	30	20	10	[20.213 37.12  43.36  57.16  62.947]	817.219	0.281908
gcnalign_random	10	10	40	30	[ 4.674 11.037 14.393 24.519 30.104]	2552.079	0.080208
gcnalign_random	50	40	40	0	[12.16  24.027 28.493 40.053 45.64 ]	1306.162	0.179109
gcnalign_random	20	30	20	40	[ 6.267 14.567 18.642 28.492 33.642]	2212.922	0.105034
gcnalign_random	20	20	30	0	[10.583 22.217 27.733 40.933 46.842]	1720.653	0.163633
gcnalign_random	50	10	20	40	[19.36  36.027 42.493 57.08  63.373]	689.440	0.273920
gcnalign_random	10	40	30	30	[ 3.23   7.637  9.881 16.926 21.341]	3358.196	0.055857
gcnalign_random	20	30	40	40	[ 4.967 10.883 13.892 22.083 26.633]	2655.523	0.080221
gcnalign_random	40	0	0	40	[21.044 40.233 47.611 63.5   69.322]	569.455	0.301542
gcnalign_random	50	20	40	40	[13.693 24.88  29.707 41.56  47.533]	1179.997	0.192300
gcnalign_random	50	10	40	10	[21.693 38.507 44.733 58.267 63.747]	765.297	0.297441
gcnalign_random	10	40	0	30	[ 4.363 10.941 14.837 24.689 29.719]	2795.901	0.078321
gcnalign_random	10	20	10	0	[ 8.474 19.541 25.274 39.778 46.674]	1878.952	0.140951
gcnalign_random	50	10	30	40	[17.213 31.627 37.307 50.667 56.613]	849.019	0.241553
gcnalign_random	30	50	40	10	[ 6.286 13.81  17.    26.257 31.467]	2376.534	0.100196
gcnalign_random	50	40	40	30	[ 9.667 18.947 23.44  33.627 39.147]	1463.705	0.144354
gcnalign_random	30	0	20	0	[22.933 42.79  50.714 67.076 72.838]	637.250	0.323964
gcnalign_random	50	0	10	40	[24.12  43.227 50.467 65.76  72.173]	463.204	0.330908
gcnalign_random	50	0	40	0	[24.76  43.6   50.32  64.933 70.453]	556.339	0.336127
gcnalign_random	20	50	0	0	[ 9.058 20.233 25.633 38.283 43.775]	1958.096	0.145969
gcnalign_random	20	20	30	40	[ 7.042 15.208 19.117 29.317 34.608]	2120.634	0.111714
gcnalign_random	50	10	10	40	[21.387 38.88  45.693 60.107 66.253]	650.032	0.297093
gcnalign_random	30	30	0	30	[13.124 27.41  33.286 47.429 53.181]	1316.340	0.199828
gcnalign_random	20	30	30	20	[ 8.042 17.208 21.558 32.275 37.558]	2104.941	0.126824
gcnalign_random	30	30	0	10	[16.476 33.095 40.533 55.467 60.905]	1109.446	0.245325
gcnalign_random	30	30	10	0	[16.305 32.743 39.543 53.562 58.743]	1255.879	0.241417
gcnalign_random	40	20	10	0	[23.556 43.633 50.756 64.122 69.111]	755.307	0.328645
gcnalign_random	30	20	30	10	[14.086 27.562 33.714 46.81  52.686]	1319.311	0.207159
gcnalign_random	50	0	0	20	[32.68  54.707 62.    76.467 81.613]	307.551	0.428903
gcnalign_random	20	40	30	0	[ 6.908 15.542 19.608 30.467 35.217]	2423.219	0.112424
gcnalign_random	30	40	0	0	[14.448 29.333 35.448 48.857 54.543]	1377.541	0.215674
gcnalign_random	30	10	10	30	[16.867 32.752 39.933 54.829 61.505]	971.640	0.247011
gcnalign_random	10	40	40	30	[ 2.57   5.993  7.763 13.77  17.593]	3630.871	0.044025
gcnalign_random	30	10	30	30	[13.438 26.124 31.648 45.286 51.857]	1260.142	0.197577
gcnalign_random	10	10	20	10	[ 8.148 18.985 24.578 39.281 46.548]	1688.281	0.136074
gcnalign_random	40	0	0	0	[34.489 57.733 65.178 78.611 83.256]	330.545	0.451046
gcnalign_random	10	10	10	20	[ 8.556 19.719 25.778 41.193 48.17 ]	1661.175	0.142564
gcnalign_random	10	0	40	0	[ 5.652 13.837 18.326 31.244 37.8  ]	2026.124	0.099720
gcnalign_random	30	0	30	20	[17.695 33.438 40.514 55.914 62.257]	887.666	0.254356
gcnalign_random	50	10	30	20	[22.533 40.48  46.613 60.28  66.36 ]	690.258	0.309980
gcnalign_random	30	30	30	30	[10.01  20.238 24.857 36.133 41.924]	1766.571	0.151674
gcnalign_random	10	40	0	20	[ 5.    12.407 16.363 27.689 33.504]	2553.532	0.088888
gcnalign_random	30	40	20	20	[ 9.562 19.629 24.514 37.029 42.743]	1746.493	0.146862
gcnalign_random	30	0	40	20	[14.352 28.162 34.133 49.095 55.943]	1063.192	0.211349
gcnalign_random	20	0	0	10	[19.75  39.325 47.675 63.875 70.275]	722.507	0.289671
gcnalign_random	30	0	40	10	[15.581 30.114 36.448 51.286 57.81 ]	1042.687	0.227269
gcnalign_random	40	30	40	0	[12.544 25.189 29.989 40.833 45.922]	1522.406	0.185962
gcnalign_random	20	40	20	30	[ 6.542 14.875 18.567 28.867 33.992]	2352.399	0.107418
gcnalign_random	30	20	0	40	[13.086 26.648 32.905 47.286 53.895]	1206.954	0.197840
gcnalign_random	20	40	40	0	[ 5.492 13.042 16.925 27.267 32.375]	2572.532	0.093245
gcnalign_random	30	50	10	20	[ 9.238 20.543 25.219 37.238 42.295]	1818.206	0.147020
gcnalign_random	40	50	10	30	[ 9.511 20.611 25.167 36.5   41.722]	1604.617	0.149400
gcnalign_random	20	20	20	30	[ 9.967 21.075 26.625 39.725 45.942]	1690.715	0.155827
gcnalign_random	20	30	20	10	[ 9.733 21.592 26.9   39.067 44.975]	1865.841	0.154805
gcnalign_random	10	40	40	20	[ 2.785  6.526  8.763 15.659 19.881]	3481.333	0.048900
gcnalign_random	20	0	20	40	[11.    23.542 29.225 43.692 51.117]	1270.982	0.172575
gcnalign_random	50	30	10	0	[24.427 42.413 49.4   62.653 67.587]	709.080	0.329661
gcnalign_random	50	40	10	0	[19.6   36.933 42.6   55.907 60.84 ]	890.567	0.276289
gcnalign_random	30	10	0	0	[24.962 45.714 53.914 68.943 74.286]	651.751	0.348054
gcnalign_random	40	50	30	20	[ 8.589 18.178 22.144 32.344 37.256]	1789.656	0.133059
gcnalign_random	10	20	10	30	[ 5.881 14.615 19.193 31.459 37.704]	2162.939	0.103887
gcnalign_random	50	30	0	0	[26.867 47.093 54.267 67.987 72.64 ]	601.215	0.362930
gcnalign_random	30	0	30	40	[13.505 26.352 32.362 46.562 53.4  ]	1098.208	0.198802
gcnalign_random	10	30	0	20	[ 6.474 15.874 20.556 33.644 40.096]	2120.206	0.112448
gcnalign_random	20	40	10	40	[ 6.075 13.85  17.667 27.717 33.192]	2326.304	0.100634
gcnalign_random	20	40	10	20	[ 8.533 19.725 25.008 37.583 43.375]	1916.582	0.140753
gcnalign_random	20	50	40	0	[ 4.158 10.017 12.708 20.267 24.817]	3031.092	0.071571
gcnalign_random	30	20	10	0	[19.552 37.105 44.257 58.971 64.829]	985.375	0.279491
gcnalign_random	40	0	20	40	[18.389 35.167 41.833 57.133 63.878]	695.900	0.264897
gcnalign_random	40	50	30	30	[ 7.656 15.967 19.811 29.356 34.033]	1921.342	0.118405
gcnalign_random	20	20	0	30	[11.1   24.95  31.742 46.367 53.   ]	1340.022	0.179122
gcnalign_random	10	30	10	40	[ 4.     9.681 12.748 21.681 26.785]	2894.044	0.070281
gcnalign_random	50	40	40	40	[ 9.453 17.667 20.973 30.68  35.84 ]	1560.961	0.135150
gcnalign_random	50	50	30	20	[10.96  21.733 26.587 38.667 43.893]	1328.837	0.164358
gcnalign_random	10	30	30	20	[ 4.585 11.007 14.644 24.415 29.585]	2787.986	0.079654
gcnalign_random	10	50	30	30	[ 2.622  6.659  8.941 15.296 19.148]	3631.080	0.047957
gcnalign_random	40	50	0	10	[13.256 27.644 33.1   45.733 51.267]	1308.644	0.200585
gcnalign_random	10	40	20	30	[ 3.681  8.548 11.452 19.23  24.2  ]	3102.609	0.062863
gcnalign_random	50	30	30	20	[16.547 31.227 37.107 49.76  55.36 ]	999.089	0.235022
gcnalign_random	10	50	20	0	[ 3.852  9.756 13.119 22.659 27.311]	3113.087	0.069849
gcnalign_random	40	40	40	30	[ 8.978 17.778 21.5   31.767 36.844]	1765.617	0.133347
gcnalign_random	50	10	20	30	[22.36  39.813 46.96  60.747 66.907]	654.746	0.307395
gcnalign_random	30	20	0	0	[21.648 40.962 48.248 62.99  68.724]	833.981	0.307406
gcnalign_random	20	10	10	20	[14.117 29.075 36.267 51.45  57.742]	1139.053	0.215191
gcnalign_random	50	30	0	10	[24.44  43.107 50.373 63.933 69.267]	653.521	0.332143
gcnalign_random	20	20	20	10	[11.767 25.4   31.4   45.733 52.083]	1533.944	0.184411
gcnalign_random	20	50	40	30	[ 3.783  8.192 10.433 16.675 20.692]	3202.958	0.061055
gcnalign_random	40	30	40	10	[11.8   23.756 28.567 39.422 44.578]	1549.577	0.175936
gcnalign_random	40	50	10	0	[13.389 26.5   31.844 43.522 48.522]	1464.520	0.196004
gcnalign_random	10	30	20	0	[ 5.578 13.719 18.185 30.133 36.296]	2409.807	0.098565
gcnalign_random	20	20	40	0	[ 8.225 18.583 23.792 35.367 41.35 ]	2060.839	0.134982
gcnalign_random	30	50	10	40	[ 6.6   14.552 18.162 27.79  33.   ]	2148.152	0.106251
gcnalign_random	30	10	30	40	[11.79  23.114 28.219 41.057 47.638]	1370.554	0.174267
gcnalign_random	50	50	20	20	[11.467 23.067 27.64  39.507 45.333]	1294.767	0.171753
gcnalign_random	30	50	40	0	[ 5.419 12.59  16.133 25.371 29.781]	2492.303	0.090449
gcnalign_random	10	50	10	20	[ 3.933  9.667 12.978 22.089 26.941]	3094.739	0.069746
gcnalign_random	20	30	40	20	[ 6.425 13.858 17.592 27.45  32.567]	2436.608	0.103046
gcnalign_random	10	20	0	0	[ 9.281 21.956 28.911 44.081 51.222]	1645.991	0.157365
gcnalign_random	20	0	30	0	[14.3   29.95  36.992 52.442 59.675]	1060.227	0.219590
gcnalign_random	50	50	10	30	[12.733 25.16  30.933 43.227 49.107]	1132.593	0.187634
gcnalign_random	20	10	30	0	[12.358 26.558 32.658 47.042 53.592]	1406.648	0.191903
gcnalign_random	50	50	0	30	[12.587 25.893 32.067 45.053 50.573]	1089.567	0.191694
gcnalign_random	10	0	30	10	[ 7.385 17.711 23.252 37.637 44.837]	1690.845	0.126916
gcnalign_random	20	10	30	10	[11.35  23.942 30.025 44.1   50.325]	1441.620	0.176866
gcnalign_random	10	30	30	30	[ 4.296 10.059 13.207 22.03  27.304]	2878.411	0.073541
gcnalign_random	50	50	20	0	[13.92  27.4   32.733 45.013 50.533]	1168.462	0.204484
gcnalign_random	10	50	0	30	[ 3.696  9.326 12.393 21.007 25.956]	3116.521	0.066851
gcnalign_random	20	0	20	0	[16.867 34.142 41.833 58.283 64.958]	856.656	0.252654
gcnalign_random	40	10	30	0	[19.944 37.5   43.844 58.1   64.033]	831.312	0.281853
gcnalign_random	20	10	0	30	[13.608 28.942 36.05  51.75  57.892]	1139.834	0.210784
gcnalign_random	50	50	0	40	[ 9.96  21.68  26.587 38.04  43.827]	1262.031	0.156795
gcnalign_random	50	0	40	10	[23.52  40.747 47.253 61.933 68.347]	601.893	0.316893
gcnalign_random	20	40	30	10	[ 7.15  15.65  20.025 30.592 36.125]	2300.005	0.114880
gcnalign_random	20	50	0	10	[ 8.417 18.825 23.975 36.092 41.533]	2024.434	0.136575
gcnalign_random	50	10	10	0	[32.467 54.24  61.    74.48  79.04 ]	442.054	0.424073
gcnalign_random	30	40	40	40	[ 5.752 11.638 14.657 22.4   27.038]	2420.685	0.087985
gcnalign_random	10	20	20	30	[ 5.437 13.222 16.978 28.4   34.215]	2332.263	0.094410
gcnalign_random	20	20	30	30	[ 8.683 18.175 22.6   35.008 40.775]	1901.319	0.135124
gcnalign_random	10	10	10	10	[ 8.881 20.244 26.296 42.074 49.4  ]	1580.463	0.146682
gcnalign_random	40	30	30	0	[15.433 30.067 36.244 48.378 53.378]	1265.577	0.224894
gcnalign_random	40	40	20	10	[14.444 28.789 34.556 46.956 52.4  ]	1257.598	0.212055
gcnalign_random	30	30	30	40	[ 8.105 16.857 20.886 30.943 36.39 ]	1970.261	0.124937
gcnalign_random	40	50	40	10	[ 7.667 16.356 19.944 29.4   34.333]	1973.265	0.119347
gcnalign_random	20	40	40	30	[ 4.683  9.908 12.492 20.083 24.208]	2964.817	0.074400
gcnalign_random	50	20	10	40	[17.947 34.28  40.76  54.387 60.16 ]	804.369	0.258220
gcnalign_random	50	50	30	40	[ 7.84  15.587 19.32  28.867 34.   ]	1617.404	0.118338
gcnalign_random	50	40	20	20	[15.84  30.813 36.787 49.827 55.467]	1020.413	0.230976
gcnalign_random	10	30	20	40	[ 3.511  8.933 12.022 20.763 25.593]	2954.966	0.064608
gcnalign_random	40	50	10	20	[10.833 23.322 28.2   40.322 45.511]	1516.283	0.168612
gcnalign_random	10	20	40	0	[ 3.867  9.978 13.615 23.511 28.881]	2873.112	0.072140
gcnalign_random	10	0	20	0	[ 9.756 21.97  28.444 45.133 53.133]	1336.474	0.160470
gcnalign_random	50	0	30	0	[29.347 49.76  57.053 71.373 76.36 ]	449.749	0.388503
gcnalign_random	30	50	0	20	[ 9.629 21.248 26.533 38.771 44.162]	1743.265	0.153299
gcnalign_random	40	10	20	10	[23.3   42.567 48.978 63.622 69.278]	723.928	0.322752
gcnalign_random	20	0	10	10	[18.808 37.592 45.658 62.592 69.383]	752.908	0.278261
gcnalign_random	40	50	20	20	[10.122 20.8   25.578 36.6   41.533]	1649.295	0.153728
gcnalign_random	10	50	40	30	[ 1.911  5.259  6.956 12.667 16.215]	3855.761	0.037541
gcnalign_random	50	10	0	30	[26.4   46.707 53.787 68.707 73.84 ]	491.020	0.358677
gcnalign_random	50	30	40	10	[15.08  28.293 33.587 46.707 52.773]	1101.885	0.214996
gcnalign_random	10	20	20	40	[ 4.311 10.467 13.778 23.644 29.096]	2660.969	0.075941
gcnalign_random	20	20	20	20	[10.883 23.617 29.267 42.825 48.808]	1576.793	0.171946
gcnalign_random	10	50	30	0	[ 2.867  7.578 10.015 17.97  22.289]	3503.583	0.053901
gcnalign_random	30	20	40	40	[ 8.705 16.59  20.352 30.819 36.171]	1916.680	0.128044
gcnalign_random	50	10	10	30	[24.347 44.093 51.013 65.2   70.973]	562.818	0.335708
gcnalign_random	10	20	40	10	[ 3.889 10.037 13.289 23.089 28.333]	2891.244	0.070765
gcnalign_random	50	20	0	30	[22.92  42.293 49.347 63.507 69.013]	610.208	0.319822
gcnalign_random	20	20	10	20	[12.667 27.067 33.308 48.375 54.558]	1346.835	0.196473
gcnalign_random	50	20	0	0	[30.893 52.013 59.36  72.347 77.173]	489.383	0.405717
gcnalign_random	50	40	40	20	[11.827 22.    26.4   37.933 43.587]	1358.683	0.169396
gcnalign_random	40	10	0	30	[21.789 41.367 48.822 63.689 69.722]	623.377	0.310197
gcnalign_random	30	20	10	10	[18.41  35.381 42.562 57.057 62.848]	995.976	0.265374
gcnalign_random	30	50	30	30	[ 6.124 13.438 16.752 25.638 30.21 ]	2369.211	0.098616
gcnalign_random	20	50	30	30	[ 4.567 10.117 12.975 20.833 25.2  ]	2845.518	0.074540
gcnalign_random	10	20	40	40	[ 3.096  7.489 10.037 17.867 22.415]	3188.886	0.054863
gcnalign_random	20	50	40	20	[ 4.25   9.35  12.183 19.458 23.917]	2942.959	0.069573
gcnalign_random	30	0	30	10	[18.371 34.381 41.029 56.21  62.61 ]	864.455	0.261441
gcnalign_random	30	30	30	0	[12.381 25.267 31.181 43.21  49.029]	1572.014	0.186660
gcnalign_random	50	50	0	10	[16.067 32.453 39.067 52.613 57.893]	946.969	0.238391
gcnalign_random	10	20	0	10	[ 8.237 20.222 26.644 41.837 48.822]	1646.099	0.143161
gcnalign_random	10	10	10	40	[ 6.096 14.267 18.778 31.178 37.6  ]	2143.021	0.104309
gcnalign_random	20	50	10	30	[ 6.1   13.583 17.2   27.217 32.567]	2393.725	0.099252
gcnalign_random	40	0	20	20	[25.867 45.311 52.289 67.367 73.389]	557.067	0.349598
gcnalign_random	20	10	10	30	[12.167 26.483 32.808 47.733 54.125]	1257.384	0.191560
gcnalign_random	20	20	0	10	[14.55  31.267 38.783 54.633 60.908]	1171.880	0.225907
gcnalign_random	40	30	40	20	[11.6   23.011 27.367 38.433 43.789]	1555.173	0.171689
gcnalign_random	30	10	10	0	[22.171 41.533 49.114 64.248 70.21 ]	757.528	0.314201
gcnalign_random	10	10	0	20	[ 9.022 21.2   27.43  44.244 51.696]	1488.596	0.152490
gcnalign_random	40	10	20	20	[21.833 39.656 46.622 61.244 66.767]	752.089	0.303335
gcnalign_random	30	10	40	0	[13.219 26.638 32.971 46.133 52.695]	1276.415	0.198285
gcnalign_random	10	0	0	20	[10.348 23.748 30.993 48.341 55.815]	1129.713	0.171506
gcnalign_random	50	0	20	20	[28.507 49.56  56.96  71.6   77.027]	407.647	0.383049
gcnalign_random	30	30	20	10	[13.676 27.038 32.876 45.924 51.81 ]	1382.610	0.201929
gcnalign_random	10	50	20	30	[ 3.415  7.83  10.496 17.941 22.207]	3404.859	0.058592
gcnalign_random	30	0	10	20	[21.552 40.8   48.543 65.267 71.905]	598.669	0.307701
gcnalign_random	50	50	20	30	[10.853 21.853 26.707 37.6   43.64 ]	1302.148	0.163004
gcnalign_random	50	0	0	0	[40.053 62.773 70.16  82.773 86.667]	234.466	0.504917
gcnalign_random	30	10	0	20	[20.552 40.21  47.619 63.467 69.571]	724.942	0.297286
gcnalign_random	40	40	30	20	[11.189 22.622 27.456 39.289 45.044]	1482.595	0.167862
gcnalign_random	10	10	0	30	[ 7.356 17.593 23.296 38.548 45.43 ]	1657.508	0.127336
gcnalign_random	30	50	30	10	[ 7.648 16.676 20.724 31.314 36.524]	2114.920	0.121796
gcnalign_random	40	0	40	40	[15.033 27.611 32.956 46.344 53.011]	1019.421	0.212405
gcnalign_random	40	50	20	10	[10.9   22.656 28.1   39.644 44.511]	1530.374	0.166089
gcnalign_random	50	20	40	10	[18.373 33.693 39.387 52.92  58.347]	923.151	0.257204
gcnalign_random	20	40	10	30	[ 7.125 16.758 21.05  31.425 37.05 ]	2162.353	0.118303
gcnalign_random	10	0	30	40	[ 5.43  12.785 16.956 28.356 34.511]	2122.404	0.093451
gcnalign_random	20	50	30	0	[ 5.958 13.542 17.367 27.792 32.667]	2551.817	0.098827
gcnalign_random	50	50	30	0	[12.16  24.107 29.427 42.12  47.707]	1260.897	0.181916
gcnalign_random	30	40	10	10	[13.229 26.733 32.752 46.152 51.752]	1424.023	0.198004
gcnalign_random	30	40	0	40	[ 8.752 19.495 24.21  36.486 42.381]	1681.091	0.140141
gcnalign_random	30	40	10	20	[10.619 22.343 27.6   39.838 44.924]	1663.370	0.163671
gcnalign_random	50	50	10	40	[ 9.093 19.667 24.12  35.493 40.48 ]	1422.753	0.143163
gcnalign_random	50	40	10	10	[18.867 35.467 42.067 55.973 61.267]	880.212	0.268049
gcnalign_random	20	10	10	40	[10.733 23.258 28.517 42.683 49.225]	1444.433	0.168370
gcnalign_random	50	10	10	20	[27.533 48.093 55.587 69.507 74.493]	509.611	0.371064
gcnalign_random	20	50	30	10	[ 5.525 12.625 16.125 25.2   29.725]	2643.090	0.091498
gcnalign_random	30	40	40	0	[ 7.971 16.638 20.819 31.21  36.752]	2074.664	0.124031
gcnalign_random	20	0	20	10	[15.933 32.95  40.633 56.892 63.833]	882.683	0.241547
gcnalign_random	20	50	20	40	[ 4.475  9.842 13.05  21.008 25.433]	2764.308	0.073764
gcnalign_random	30	30	10	40	[10.476 21.79  27.21  39.362 45.114]	1550.712	0.161774
gcnalign_random	40	30	30	10	[15.611 29.111 35.189 47.833 53.433]	1233.458	0.222253
gcnalign_random	50	20	10	0	[28.373 47.973 55.347 69.04  73.773]	569.687	0.375595
gcnalign_random	10	0	40	40	[ 4.37  10.081 13.119 23.341 29.133]	2397.706	0.074928
gcnalign_random	30	30	40	10	[10.105 20.419 25.086 36.457 41.619]	1822.824	0.152686
gcnalign_random	30	30	20	0	[14.752 28.533 35.048 49.029 54.467]	1361.173	0.215397
gcnalign_random	10	10	30	10	[ 6.474 15.015 20.089 33.252 39.763]	2071.889	0.110567
gcnalign_random	50	40	0	20	[18.133 35.667 42.12  56.64  62.507]	823.371	0.264577
gcnalign_random	10	20	30	0	[ 5.578 13.43  17.607 28.719 34.807]	2456.155	0.096469
gcnalign_random	20	0	40	0	[10.742 23.583 29.408 43.75  50.458]	1445.982	0.171019
gcnalign_random	20	0	10	20	[16.575 33.917 41.083 58.392 64.842]	851.747	0.249347
gcnalign_random	10	40	20	20	[ 4.348 10.563 13.474 23.6   29.111]	2838.238	0.076496
gcnalign_random	40	40	40	20	[ 9.7   19.378 23.078 32.811 38.044]	1756.732	0.143752
gcnalign_random	30	10	20	40	[12.39  25.524 31.524 45.876 52.6  ]	1174.512	0.189250
gcnalign_random	20	40	0	10	[10.375 23.442 29.367 42.992 48.933]	1668.394	0.168194
gcnalign_random	30	30	40	30	[ 7.6   15.943 19.952 29.276 34.343]	2115.891	0.118058
gcnalign_random	20	30	30	30	[ 7.1   15.3   19.1   29.717 35.183]	2181.201	0.112813
gcnalign_random	30	50	20	20	[ 8.171 17.619 21.99  33.381 38.905]	1968.198	0.129370
gcnalign_random	10	50	40	20	[ 2.089  5.341  7.267 13.689 17.511]	3765.596	0.039863
gcnalign_random	50	50	40	0	[ 9.547 18.973 23.2   34.133 39.573]	1509.178	0.143906
gcnalign_random	40	30	20	40	[12.133 24.133 29.244 41.278 46.356]	1393.607	0.179915
gcnalign_random	30	10	40	30	[11.59  22.743 27.629 40.486 46.505]	1455.495	0.171424
gcnalign_random	50	20	40	20	[16.573 30.707 36.413 49.707 55.373]	964.891	0.234268
gcnalign_random	40	20	40	20	[13.778 26.944 31.833 43.944 49.789]	1281.344	0.200394
gcnalign_random	50	40	30	10	[14.907 27.96  33.787 46.373 52.48 ]	1123.450	0.214243
gcnalign_random	30	50	40	30	[ 5.286 11.533 14.219 22.105 26.876]	2525.250	0.084650
gcnalign_random	40	30	10	30	[15.8   31.256 37.322 51.133 56.889]	1108.823	0.232338
gcnalign_random	20	50	20	10	[ 6.433 14.875 18.833 29.242 34.608]	2354.098	0.106914
gcnalign_random	30	0	20	30	[17.829 34.314 41.295 57.762 64.524]	801.611	0.258721
gcnalign_random	10	10	10	0	[ 9.504 22.585 29.622 44.993 52.163]	1489.218	0.160621
gcnalign_random	50	30	30	30	[15.56  28.28  34.28  47.093 53.027]	1055.978	0.219174
gcnalign_random	10	10	0	40	[ 5.689 14.311 18.815 31.889 38.333]	2008.243	0.102331
gcnalign_random	40	0	10	20	[26.156 47.044 54.411 69.122 74.9  ]	462.709	0.356989
gcnalign_random	20	0	10	40	[12.442 25.942 32.65  47.875 54.642]	1105.781	0.191682
gcnalign_random	10	10	20	0	[ 8.185 19.074 24.733 39.681 46.644]	1720.794	0.137491
gcnalign_random	10	20	30	30	[ 4.467 10.793 14.119 24.326 29.615]	2638.071	0.078175
gcnalign_random	10	20	40	30	[ 3.622  8.778 11.6   20.141 24.837]	3004.244	0.063857
gcnalign_random	10	40	40	10	[ 3.163  7.022  9.244 16.652 21.237]	3414.025	0.053500
gcnalign_random	30	30	40	0	[ 8.943 19.848 24.924 36.01  41.362]	1835.070	0.143465
gcnalign_random	10	50	20	10	[ 3.8    9.556 12.793 21.556 26.481]	3165.714	0.068537
gcnalign_random	20	30	0	40	[ 7.883 18.133 23.317 35.333 41.275]	1875.601	0.130660
gcnalign_random	30	50	20	30	[ 7.514 16.171 20.371 30.905 36.448]	2058.608	0.119701
gcnalign_random	50	30	10	30	[19.04  35.28  41.413 54.96  60.293]	837.221	0.266886
gcnalign_random	20	20	10	10	[13.958 28.917 35.575 50.667 57.025]	1329.939	0.212929
gcnalign_random	50	20	40	0	[17.787 33.133 38.933 51.747 57.427]	927.839	0.250479
gcnalign_random	30	10	40	40	[ 9.819 19.114 23.59  35.4   41.314]	1668.490	0.145424
gcnalign_random	30	20	20	0	[16.724 32.314 38.838 52.876 58.714]	1153.870	0.242942
gcnalign_random	20	40	20	0	[ 8.808 20.192 25.175 37.608 43.508]	2001.629	0.143907
gcnalign_random	20	10	40	0	[ 9.625 21.183 27.242 40.625 46.425]	1710.621	0.155076
gcnalign_random	20	50	20	0	[ 6.642 16.158 20.65  31.208 36.5  ]	2376.752	0.114006
gcnalign_random	40	40	30	40	[ 8.6   18.078 22.2   32.056 37.067]	1728.151	0.133027
gcnalign_random	40	50	0	30	[ 9.922 21.356 26.833 39.389 44.611]	1483.441	0.155941
gcnalign_random	40	30	30	30	[12.511 24.411 29.756 41.633 47.089]	1407.368	0.183311
gcnalign_random	30	0	20	10	[20.829 39.038 46.6   62.81  69.029]	676.043	0.296607
gcnalign_random	20	20	40	20	[ 7.65  16.108 20.633 31.675 37.525]	2095.737	0.120655
gcnalign_random	50	0	40	20	[21.307 37.533 43.187 58.533 64.827]	633.075	0.291419
gcnalign_random	10	0	30	0	[ 7.259 17.644 23.126 37.785 44.933]	1720.312	0.126097
gcnalign_random	40	50	20	40	[ 7.122 15.567 19.333 28.867 33.622]	1873.465	0.113669
gcnalign_random	40	50	40	20	[ 7.667 15.8   19.1   28.611 33.522]	1968.688	0.117466
gcnalign_random	20	10	20	20	[12.542 26.875 33.267 48.283 54.833]	1262.355	0.195866
gcnalign_random	50	50	0	0	[17.68  34.107 40.4   53.28  58.747]	949.057	0.254199
gcnalign_random	30	0	30	30	[16.267 31.276 37.629 51.971 59.21 ]	974.620	0.234603
gcnalign_random	50	0	0	40	[24.947 45.    52.907 68.733 74.64 ]	407.748	0.346034
gcnalign_random	40	20	20	10	[19.822 36.922 43.511 57.122 62.867]	879.776	0.279980
gcnalign_random	10	0	10	40	[ 6.956 15.748 20.533 33.904 40.993]	1737.905	0.115562
gcnalign_random	40	20	40	10	[14.067 27.211 32.789 45.144 50.956]	1243.843	0.205428
gcnalign_random	10	10	40	40	[ 3.97   9.074 12.111 20.696 25.793]	2778.579	0.067634
gcnalign_random	50	50	20	40	[ 8.733 18.04  22.2   32.187 37.52 ]	1513.049	0.133335
gcnalign_random	20	50	10	10	[ 7.742 17.133 21.708 32.908 38.108]	2226.830	0.124647
gcnalign_random	10	40	40	40	[ 2.326  5.222  6.793 12.393 16.052]	3749.818	0.039790
gcnalign_random	40	40	20	20	[13.1   26.567 31.433 43.478 49.344]	1330.607	0.195114
gcnalign_random	50	50	20	10	[13.12  25.64  31.107 44.133 49.36 ]	1165.923	0.193089
gcnalign_random	10	40	0	0	[ 6.615 15.437 20.126 33.074 39.015]	2363.019	0.111945
gcnalign_random	10	40	30	0	[ 3.837  9.17  12.052 20.511 25.489]	3195.240	0.067146
gcnalign_random	50	30	20	0	[21.267 38.8   45.813 59.067 64.333]	806.966	0.295670
gcnalign_random	10	30	20	30	[ 4.83  10.83  14.274 24.363 30.044]	2690.398	0.080505
gcnalign_random	40	10	10	20	[23.044 43.078 50.522 64.922 70.356]	634.457	0.324026
gcnalign_random	10	50	20	40	[ 2.652  6.378  8.704 15.333 18.896]	3633.529	0.047419
gcnalign_random	10	0	40	20	[ 5.348 13.067 17.311 29.281 35.956]	2031.287	0.094506
gcnalign_random	30	50	20	10	[ 9.505 20.076 25.114 36.914 42.314]	1832.497	0.147507
gcnalign_random	10	20	20	0	[ 6.941 16.437 21.23  34.822 41.563]	2093.648	0.118338
gcnalign_random	40	40	10	40	[ 9.411 20.233 24.622 34.811 40.333]	1622.715	0.146132
gcnalign_random	50	10	30	0	[25.28  43.48  50.053 64.013 68.987]	641.331	0.338313
gcnalign_random	10	20	30	20	[ 5.022 11.844 15.941 27.022 33.007]	2453.982	0.086988
gcnalign_random	30	10	20	0	[19.248 37.467 45.076 60.162 65.714]	925.062	0.279468
gcnalign_random	50	40	30	40	[10.72  20.893 25.2   35.707 41.467]	1331.866	0.158050
gcnalign_random	10	30	20	10	[ 5.2   12.8   17.289 28.215 34.081]	2535.846	0.091788
gcnalign_random	30	10	40	20	[12.457 24.971 30.41  43.352 49.457]	1354.483	0.186838
gcnalign_random	40	40	20	30	[11.489 22.778 27.522 39.456 44.833]	1463.699	0.170579
gcnalign_random	10	20	20	10	[ 6.467 15.83  20.837 33.978 40.793]	2089.380	0.112915
gcnalign_random	40	10	30	30	[16.867 31.322 37.967 51.822 57.944]	962.922	0.240559
gcnalign_random	40	0	0	20	[28.889 51.4   59.122 73.911 79.278]	387.964	0.392599
gcnalign_random	10	30	40	40	[ 2.356  5.911  7.793 14.17  18.126]	3560.554	0.042982
gcnalign_random	30	40	20	0	[11.    23.114 29.076 41.99  47.4  ]	1639.427	0.170951
gcnalign_random	10	40	20	0	[ 4.815 11.2   15.096 24.993 30.785]	2852.052	0.082577
gcnalign_random	40	20	30	30	[14.711 28.867 34.511 47.467 52.911]	1164.342	0.214747
gcnalign_random	20	30	10	30	[ 8.925 19.717 25.4   38.1   44.042]	1754.633	0.144179
gcnalign_random	40	40	20	40	[ 9.489 19.578 24.133 34.711 40.522]	1624.137	0.144774
gcnalign_random	50	20	30	30	[17.733 31.613 37.32  50.04  55.573]	955.103	0.245502
gcnalign_random	30	30	10	20	[13.838 28.095 34.39  48.619 54.467]	1303.179	0.208764
gcnalign_random	50	10	40	20	[20.64  36.68  43.347 56.347 61.787]	787.485	0.283775
gcnalign_random	10	50	30	20	[ 2.696  6.844  9.563 16.807 21.007]	3490.708	0.050208
gcnalign_random	40	10	10	30	[20.478 39.2   46.4   60.889 66.9  ]	705.961	0.293186
gcnalign_random	10	0	30	20	[ 7.096 16.593 21.548 34.948 41.763]	1778.846	0.119949
gcnalign_random	50	50	30	30	[10.107 19.653 23.987 34.747 40.147]	1406.234	0.149223
gcnalign_random	20	20	20	0	[12.317 26.85  33.583 47.55  53.508]	1501.925	0.194064
gcnalign_random	10	30	30	40	[ 3.415  8.37  10.644 19.022 23.556]	3126.506	0.060487
gcnalign_random	20	10	30	20	[11.533 23.7   29.092 42.408 48.617]	1520.634	0.175362
gcnalign_random	40	10	0	40	[18.2   36.322 43.478 58.144 64.444]	783.906	0.268174
gcnalign_random	10	40	20	40	[ 3.133  7.437  9.948 17.022 21.363]	3328.110	0.054987
gcnalign_random	30	40	0	20	[11.819 24.857 31.276 44.981 50.981]	1421.246	0.183120
gcnalign_random	30	30	20	40	[ 9.124 18.924 23.305 35.038 41.362]	1718.746	0.140323
gcnalign_random	10	40	10	0	[ 6.044 14.193 18.407 29.637 35.622]	2620.495	0.102473
gcnalign_random	10	20	40	20	[ 3.941  9.6   12.919 21.985 27.03 ]	2843.770	0.069613
gcnalign_random	20	40	20	40	[ 5.033 11.733 15.092 23.667 28.258]	2601.689	0.084606
gcnalign_random	30	40	10	40	[ 8.257 17.257 21.695 32.657 38.01 ]	1884.872	0.128361
gcnalign_random	50	20	30	0	[22.187 39.693 45.733 59.613 65.107]	771.625	0.303656
gcnalign_random	30	40	20	30	[ 8.99  18.467 22.933 33.971 39.267]	1882.305	0.137175
gcnalign_random	10	10	20	30	[ 6.222 14.763 19.148 32.141 38.4  ]	2033.894	0.106980
gcnalign_random	10	0	0	40	[ 7.185 17.119 22.437 36.563 44.111]	1608.172	0.123524
gcnalign_random	40	0	30	30	[19.956 36.078 42.9   57.744 63.867]	723.228	0.277564
gcnalign_random	40	50	20	30	[ 8.644 18.578 23.056 33.489 38.678]	1711.217	0.135497
gcnalign_random	30	20	10	20	[15.743 31.581 38.048 52.448 58.467]	1061.280	0.232874
gcnalign_random	50	0	10	0	[36.667 59.413 66.8   79.6   83.707]	299.801	0.471316
gcnalign_random	10	10	0	10	[10.37  23.689 30.681 47.6   54.756]	1362.424	0.170609
gcnalign_random	30	30	30	20	[11.152 22.6   27.486 39.781 45.324]	1639.251	0.167805
gcnalign_random	30	40	30	40	[ 7.038 14.533 18.21  28.19  33.295]	2126.766	0.108855
gcnalign_random	40	50	30	40	[ 6.933 14.489 18.267 26.878 31.967]	1913.288	0.107878
gcnalign_random	10	0	0	30	[ 8.348 20.289 26.363 43.067 50.83 ]	1309.898	0.144537
gcnalign_random	20	0	40	20	[10.375 22.142 27.342 41.283 48.358]	1444.801	0.162640
gcnalign_random	40	20	20	0	[21.1   39.667 46.444 60.267 65.622]	858.341	0.297350
gcnalign_random	20	10	10	10	[15.95  32.45  39.9   55.85  62.333]	1036.677	0.239607
gcnalign_random	20	20	0	0	[16.658 34.125 41.275 57.025 62.708]	1144.014	0.249902
gcnalign_random	50	50	40	20	[ 8.36  16.947 20.32  29.6   35.107]	1616.025	0.126486
gcnalign_random	40	10	20	40	[16.189 32.044 38.022 51.711 57.656]	963.897	0.237627
gcnalign_random	30	0	10	30	[19.057 36.914 44.714 60.162 67.048]	702.239	0.276403
gcnalign_random	20	30	40	10	[ 6.858 14.492 18.35  28.542 34.083]	2405.397	0.108704
gcnalign_random	40	50	10	40	[ 7.444 16.511 20.678 30.567 35.522]	1808.411	0.119069
gcnalign_random	30	50	10	30	[ 8.162 17.981 22.905 33.629 39.076]	1908.663	0.131095
gcnalign_random	50	50	10	10	[14.667 29.04  34.893 47.867 52.987]	1078.769	0.216891
gcnalign_random	40	30	40	40	[ 9.211 18.367 22.089 32.144 37.789]	1743.099	0.136503
gcnalign_random	30	40	40	10	[ 7.81  16.229 20.248 30.962 36.333]	2103.614	0.120676
gcnalign_random	40	40	0	40	[10.567 23.467 29.    40.733 46.778]	1396.005	0.167806
gcnalign_random	50	40	30	30	[12.24  23.493 28.147 40.067 45.4  ]	1274.453	0.177982
gcnalign_random	10	10	40	0	[ 5.111 12.067 15.896 28.044 34.222]	2454.998	0.088806
gcnalign_random	20	30	0	0	[13.967 29.525 36.983 50.933 56.617]	1389.195	0.215006
gcnalign_random	30	40	0	10	[13.781 28.486 34.638 49.238 54.848]	1322.164	0.208879
gcnalign_random	40	20	10	30	[17.756 34.9   41.833 56.    61.911]	894.172	0.260066
gcnalign_random	10	30	0	0	[ 7.763 18.748 24.83  39.407 46.141]	1929.657	0.134096
gcnalign_random	20	30	0	30	[ 8.975 20.717 26.517 39.675 45.758]	1675.725	0.148293
gcnalign_random	10	40	30	10	[ 3.57   8.681 11.556 20.444 25.23 ]	3123.866	0.063439
gcnalign_random	50	10	30	10	[24.373 42.32  49.08  63.373 68.387]	633.316	0.329354
gcnalign_random	40	10	40	20	[16.    29.989 35.533 49.133 55.056]	1102.079	0.228010
gcnalign_random	30	0	10	0	[25.19  45.629 53.714 69.181 75.238]	513.739	0.348034
gcnalign_random	30	40	30	20	[ 8.629 18.79  23.733 35.41  40.571]	1845.432	0.137439
gcnalign_random	10	0	10	20	[ 9.6   22.111 28.415 44.941 52.948]	1253.437	0.159328
gcnalign_random	10	10	30	40	[ 4.474 10.844 14.348 23.83  29.711]	2569.394	0.078369
gcnalign_random	50	0	20	40	[22.467 39.893 46.627 62.28  68.64 ]	560.618	0.308537
gcnalign_random	20	30	20	30	[ 7.792 17.583 22.083 33.283 38.367]	2019.466	0.126953
gcnalign_random	10	50	30	40	[ 2.311  5.644  7.6   13.304 16.933]	3787.485	0.041351
gcnalign_random	50	40	30	20	[13.4   26.067 31.387 42.787 48.2  ]	1187.750	0.195047
gcnalign_random	30	20	20	30	[13.19  26.39  32.257 45.981 52.276]	1271.724	0.196461
gcnalign_random	40	40	10	30	[12.2   24.956 30.356 42.444 47.789]	1370.212	0.183526
gcnalign_random	20	10	20	0	[14.775 30.808 37.758 53.258 59.433]	1177.957	0.225533
gcnalign_random	50	40	0	40	[12.32  25.867 31.6   44.413 50.773]	1082.307	0.188661
gcnalign_random	40	0	10	40	[19.678 37.789 44.567 59.622 66.067]	638.092	0.282718
gcnalign_random	20	30	10	40	[ 7.442 16.633 21.058 32.342 38.067]	2015.212	0.121279
gcnalign_random	40	40	10	10	[15.033 30.144 36.278 49.789 55.056]	1170.124	0.222960
gcnalign_random	30	30	10	30	[11.905 25.276 30.99  43.562 49.457]	1420.087	0.183598
gcnalign_random	40	0	40	20	[18.278 34.267 40.167 54.9   61.367]	809.131	0.259548
gcnalign_random	30	0	0	10	[26.124 47.81  56.4   72.514 78.267]	473.227	0.363379
gcnalign_random	40	40	0	30	[12.556 26.744 32.811 46.444 52.144]	1205.171	0.194627
gcnalign_random	20	30	30	40	[ 6.275 13.4   16.95  26.908 31.808]	2362.045	0.099823
gcnalign_random	40	40	0	0	[18.156 34.944 41.244 54.167 59.244]	1054.429	0.259688
gcnalign_random	10	30	10	0	[ 7.037 16.815 21.8   34.985 41.17 ]	2186.043	0.120708
gcnalign_random	20	40	40	20	[ 5.225 11.633 14.642 22.908 27.3  ]	2749.695	0.084984
gcnalign_random	30	30	0	40	[10.648 22.448 27.305 40.629 46.724]	1493.984	0.164412
gcnalign_random	10	30	30	0	[ 4.489 11.237 14.97  25.185 30.711]	2755.323	0.080554
gcnalign_random	10	50	0	20	[ 4.141 10.881 14.526 24.563 29.704]	2895.704	0.076943
gcnalign_random	10	20	10	20	[ 6.844 16.578 21.926 35.044 41.904]	1973.174	0.118674
gcnalign_random	10	30	0	10	[ 7.437 17.719 23.444 37.407 43.889]	2038.168	0.127403
gcnalign_random	20	10	40	40	[ 7.092 15.092 19.158 29.367 34.958]	2059.592	0.112056
gcnalign_random	50	30	40	20	[14.547 27.067 32.147 44.747 50.213]	1111.621	0.206738
gcnalign_random	10	40	40	0	[ 2.911  7.244  9.593 16.763 21.252]	3462.035	0.052485
gcnalign_random	40	0	30	40	[16.5   31.822 37.678 51.867 58.6  ]	864.841	0.238485
gcnalign_random	30	0	0	30	[20.248 39.648 47.552 64.371 71.076]	617.383	0.294409
gcnalign_random	50	10	20	20	[25.533 44.467 51.16  65.28  70.8  ]	570.716	0.343326
gcnalign_random	10	0	40	10	[ 5.378 13.667 18.341 31.096 37.733]	2045.515	0.097367
gcnalign_random	30	10	10	10	[21.    39.295 46.762 62.267 67.981]	808.225	0.297973
gcnalign_random	20	30	10	10	[11.492 24.517 30.392 43.892 49.808]	1629.019	0.178763
gcnalign_random	50	0	30	10	[27.16  46.253 53.52  68.133 73.907]	463.317	0.363117
gcnalign_random	30	50	0	40	[ 6.981 15.648 19.571 30.505 35.99 ]	2046.334	0.113914
gcnalign_random	20	0	40	30	[10.192 20.858 25.775 39.35  45.692]	1513.329	0.155155
gcnalign_random	20	50	10	0	[ 8.608 19.117 23.808 36.025 41.367]	2129.656	0.138456
gcnalign_random	20	10	0	10	[17.775 36.325 44.408 60.158 66.05 ]	908.839	0.266906
gcnalign_random	40	50	0	20	[11.989 25.411 31.7   44.3   50.078]	1320.025	0.185959
gcnalign_random	20	40	40	40	[ 4.15   9.183 11.608 18.842 22.933]	2941.175	0.067809
gcnalign_random	50	0	30	30	[23.293 40.867 47.573 62.653 68.52 ]	554.825	0.316736
gcnalign_random	20	40	0	20	[ 9.267 21.125 26.633 39.025 44.783]	1816.495	0.149891
gcnalign_random	40	10	20	30	[18.844 35.211 41.667 56.589 62.878]	822.064	0.267975
gcnalign_random	50	40	40	10	[12.213 23.027 27.947 39.227 44.88 ]	1316.167	0.176850
gcnalign_random	20	0	0	40	[12.967 27.108 33.725 50.225 57.575]	984.338	0.200020
gcnalign_random	30	40	0	30	[ 9.79  21.629 27.038 39.476 45.495]	1605.132	0.156194
gcnalign_random	50	20	10	30	[21.4   38.6   44.867 58.76  64.72 ]	710.093	0.295558
gcnalign_random	50	40	0	30	[16.    30.893 36.853 50.293 56.44 ]	963.221	0.231421
gcnalign_random	10	50	10	30	[ 3.333  8.748 11.704 19.933 24.793]	3146.917	0.061960
gcnalign_random	10	10	20	40	[ 5.23  12.289 16.207 27.333 33.244]	2300.946	0.089956
gcnalign_random	10	20	10	40	[ 5.015 12.111 15.77  27.222 33.267]	2419.835	0.087326
gcnalign_random	10	0	0	0	[13.407 29.422 37.304 56.126 64.059]	931.337	0.213211
gcnalign_random	20	10	20	30	[11.258 24.142 29.95  43.508 50.15 ]	1413.951	0.176586
gcnalign_random	50	20	20	30	[20.08  36.453 42.8   56.84  62.253]	794.050	0.279092
gcnalign_random	10	30	40	30	[ 2.867  7.548  9.8   16.881 21.585]	3266.696	0.053142
gcnalign_random	10	40	20	10	[ 4.548 10.57  14.437 24.326 29.481]	2845.059	0.078727
gcnalign_random	50	20	0	20	[25.08  44.867 51.787 66.4   71.44 ]	591.570	0.343038
gcnalign_random	30	20	40	0	[11.21  23.514 29.029 41.724 47.81 ]	1554.450	0.172709
gcnalign_random	10	20	0	30	[ 6.496 15.83  20.837 34.007 40.511]	2016.258	0.112617
gcnalign_random	10	40	10	10	[ 5.393 13.089 17.015 27.541 33.63 ]	2608.784	0.094037
gcnalign_random	20	10	20	40	[ 9.817 20.65  25.842 38.95  45.292]	1564.424	0.152025
gcnalign_random	20	0	30	10	[13.458 28.017 34.567 50.667 57.758]	1076.947	0.206805
gcnalign_random	50	0	20	0	[31.72  52.84  60.213 74.533 79.16 ]	384.634	0.415399
gcnalign_random	40	30	10	40	[13.044 26.333 31.822 43.7   49.989]	1302.939	0.194482
gcnalign_random	20	30	10	0	[12.617 26.8   33.058 47.442 53.417]	1541.620	0.195413
gcnalign_random	10	50	20	20	[ 3.563  8.674 11.57  20.244 24.593]	3241.284	0.063722
gcnalign_random	10	0	20	10	[ 9.081 20.681 26.556 42.489 49.674]	1406.500	0.149908
gcnalign_random	30	10	0	30	[17.943 35.295 42.857 58.381 64.638]	870.380	0.263253
gcnalign_random	20	30	20	20	[ 9.283 20.125 24.892 37.417 43.158]	1872.997	0.146386
gcnalign_random	20	40	0	0	[11.258 25.533 31.825 45.867 51.633]	1617.391	0.181453
gcnalign_random	40	30	40	30	[10.589 21.122 25.133 35.733 41.267]	1607.628	0.157085
gcnalign_random	20	40	20	10	[ 8.4   18.692 23.3   34.433 40.05 ]	2107.726	0.134643
gcnalign_random	10	20	30	10	[ 5.311 12.919 17.385 28.481 34.259]	2452.661	0.093354
gcnalign_random	10	0	20	20	[ 8.407 19.111 24.881 40.319 47.578]	1463.232	0.139758
gcnalign_random	50	50	0	20	[14.547 29.72  36.027 49.96  55.587]	1000.091	0.217402
gcnalign_random	20	40	10	0	[ 9.933 22.533 28.017 41.6   47.142]	1835.515	0.161300
gcnalign_random	40	30	0	10	[20.789 39.6   46.022 59.333 64.733]	921.012	0.294519
gcnalign_random	50	10	20	10	[27.267 47.56  54.853 68.387 73.52 ]	538.683	0.367669
gcnalign_random	40	50	30	10	[ 9.678 19.411 24.044 34.933 40.056]	1748.655	0.145658
gcnalign_random	10	50	40	40	[ 1.933  4.452  6.015 10.711 13.607]	4104.514	0.033682
gcnalign_random	40	10	30	10	[20.456 37.122 43.911 57.567 63.478]	853.157	0.284395
gcnalign_random	30	20	20	20	[15.095 29.657 35.838 49.8   56.029]	1181.156	0.221641
gcnalign_random	50	50	40	10	[ 9.04  18.347 22.48  32.84  37.707]	1545.162	0.137198
gcnalign_random	10	0	40	30	[ 4.948 11.926 15.511 26.296 32.474]	2228.028	0.086089
gcnalign_random	20	10	20	10	[13.867 29.258 35.95  50.683 57.175]	1237.641	0.213476
gcnalign_random	10	0	30	30	[ 6.252 14.133 18.496 30.674 37.193]	1962.412	0.104317
gcnalign_random	40	10	10	10	[25.011 46.122 53.3   67.433 72.689]	583.354	0.346873
gcnalign_random	40	30	10	10	[19.256 36.522 42.656 55.867 61.1  ]	1014.228	0.272900
gcnalign_random	20	10	40	20	[ 9.292 19.483 24.4   36.792 43.158]	1783.832	0.144815
gcnalign_random	20	0	10	30	[13.925 28.958 35.683 52.275 59.592]	979.396	0.213806
gcnalign_random	40	10	30	20	[18.867 35.767 42.133 55.6   61.967]	893.056	0.268649
gcnalign_random	50	30	0	40	[16.307 31.333 37.707 51.267 56.92 ]	888.232	0.235552
gcnalign_random	10	10	30	0	[ 6.607 15.481 20.422 34.215 40.422]	2097.783	0.112600
gcnalign_random	20	50	0	40	[ 5.058 12.    15.667 24.967 30.183]	2468.886	0.086750
gcnalign_random	40	0	0	30	[24.522 45.544 53.311 68.967 74.889]	469.526	0.343578
gcnalign_random	40	30	0	20	[18.1   35.922 42.644 55.911 61.144]	967.156	0.264282
gcnalign_random	50	10	0	20	[29.4   51.333 58.72  72.573 77.747]	436.696	0.395115
gcnalign_random	10	50	40	10	[ 2.356  5.963  8.015 14.422 18.044]	3742.965	0.043236
gcnalign_random	20	20	0	40	[ 9.625 21.567 27.317 41.292 47.933]	1534.521	0.155956
gcnalign_random	30	20	10	40	[12.59  25.581 31.219 44.733 51.133]	1276.051	0.189989
gcnalign_random	20	40	30	30	[ 6.425 13.525 16.833 25.808 31.017]	2451.484	0.100588
gcnalign_random	10	30	40	20	[ 3.23   8.289 11.067 19.074 23.77 ]	3168.258	0.059197
gcnalign_random	30	0	30	0	[19.752 36.848 44.448 60.152 66.324]	799.174	0.280518
gcnalign_random	50	30	40	0	[15.067 28.04  33.693 46.173 52.24 ]	1105.629	0.213773
gcnalign_random	50	0	10	10	[34.04  56.493 64.04  77.853 82.68 ]	311.179	0.445374
gcnalign_random	10	10	20	20	[ 7.23  17.43  22.385 36.289 43.178]	1828.074	0.123898
gcnalign_random	40	30	20	30	[14.044 27.678 32.7   45.678 51.278]	1259.134	0.206101
gcnalign_random	10	20	0	20	[ 7.422 18.407 24.267 38.23  45.133]	1863.974	0.129728
gcnalign_random	50	30	30	40	[12.84  24.333 28.947 41.56  48.013]	1153.689	0.186025
gcnalign_random	50	20	20	40	[16.48  31.373 36.96  50.067 56.307]	908.438	0.236475
gcnalign_random	50	40	0	0	[21.147 39.627 46.293 59.747 65.213]	817.977	0.298116
gcnalign_random	10	0	20	30	[ 7.148 16.526 21.141 35.481 42.378]	1673.290	0.120303
gcnalign_random	20	10	0	20	[16.058 33.775 41.342 57.283 63.675]	1001.980	0.245015
gcnalign_random	10	20	0	40	[ 5.23  12.926 17.17  28.844 34.593]	2344.826	0.092650
gcnalign_random	40	40	20	0	[14.856 28.967 34.533 47.067 52.722]	1292.023	0.216648
gcnalign_random	10	40	30	40	[ 2.622  6.348  8.496 15.363 19.4  ]	3455.719	0.046889
gcnalign_random	20	40	20	20	[ 8.    17.558 22.233 33.85  39.392]	2055.346	0.128244
gcnalign_random	20	30	20	0	[10.075 22.175 27.808 40.492 46.008]	1848.896	0.161281
gcnalign_random	40	10	40	10	[16.711 31.2   37.544 50.978 56.8  ]	1035.690	0.237259
gcnalign_random	40	40	30	30	[10.211 20.633 25.178 36.356 42.078]	1554.266	0.153781
gcnalign_random	10	10	30	20	[ 5.963 14.385 18.785 31.341 37.77 ]	2156.801	0.103724
gcnalign_random	50	40	10	40	[11.987 24.067 29.107 41.387 47.467]	1169.901	0.178555
gcnalign_random	50	20	30	40	[14.693 28.333 33.56  46.333 52.24 ]	1024.028	0.212530
gcnalign_random	50	0	0	10	[35.8   58.947 67.    80.32  84.8  ]	259.660	0.465135
gcnalign_random	20	0	30	40	[10.267 21.392 26.233 39.225 45.767]	1455.344	0.157708
gcnalign_random	30	20	0	10	[19.8   38.667 46.133 61.714 66.971]	901.470	0.286811
gcnalign_random	20	50	0	20	[ 7.425 16.825 21.383 31.967 36.95 ]	2265.624	0.120716
gcnalign_random	40	30	0	30	[16.011 31.856 38.744 52.444 57.811]	1032.373	0.236658
gcnalign_random	30	20	20	10	[16.162 31.314 38.076 52.    57.79 ]	1163.016	0.235267
gcnalign_random	50	20	10	10	[25.48  45.933 53.067 66.307 71.347]	588.117	0.349801
gcnalign_random	30	20	20	40	[11.    21.886 26.924 39.305 45.39 ]	1488.849	0.163963
gcnalign_random	50	40	30	0	[15.107 28.507 33.92  45.96  51.147]	1158.876	0.215878
gcnalign_random	40	0	20	0	[28.222 48.511 56.456 71.144 76.422]	481.407	0.378517
gcnalign_random	40	20	40	30	[12.511 24.589 29.356 41.    46.978]	1350.949	0.183619
gcnalign_random	20	40	40	10	[ 5.683 12.8   16.15  25.567 30.433]	2594.342	0.093061
gcnalign_random	50	0	20	30	[25.907 44.413 51.96  66.507 72.48 ]	473.761	0.347797
gcnalign_random	10	10	0	0	[11.2   25.281 32.622 50.17  57.637]	1285.416	0.182576
gcnalign_random	40	20	10	20	[20.611 38.244 44.9   58.722 64.356]	831.625	0.289682
gcnalign_random	50	30	30	0	[18.613 33.72  39.627 52.96  58.693]	919.714	0.258084
gcnalign_random	30	10	10	20	[17.867 34.714 41.924 57.743 64.333]	844.549	0.261370
gcnalign_random	30	10	40	10	[13.    26.648 32.067 45.514 51.829]	1310.558	0.195071
gcnalign_random	10	30	30	10	[ 4.585 11.459 15.207 25.444 30.763]	2706.490	0.082108
gcnalign_random	30	40	20	40	[ 7.476 15.514 19.438 29.99  35.41 ]	1962.208	0.115810
gcnalign_random	10	10	40	10	[ 4.911 12.185 16.193 27.607 33.704]	2418.838	0.087602
gcnalign_random	40	20	40	0	[13.733 27.322 32.644 45.8   51.311]	1261.370	0.202767
gcnalign_random	20	0	20	30	[13.133 27.45  33.992 49.017 56.242]	1070.654	0.202216
gcnalign_random	40	50	40	0	[ 7.811 16.511 20.189 29.944 34.578]	1973.400	0.120937
gcnalign_random	40	40	10	0	[16.7   32.222 38.778 51.367 56.856]	1150.321	0.241432
gcnalign_random	40	20	0	30	[19.011 37.078 44.389 58.978 64.511]	810.665	0.275666
gcnalign_random	40	50	10	10	[12.422 24.922 29.833 42.256 47.811]	1459.073	0.184522
gcnalign_random	40	20	20	20	[18.867 36.156 42.778 55.956 61.444]	921.393	0.270211
gcnalign_random	30	10	10	40	[14.    28.371 34.686 49.276 55.6  ]	1093.506	0.209610
gcnalign_random	20	20	10	0	[14.883 30.233 37.058 52.4   58.4  ]	1248.334	0.223934
gcnalign_random	20	30	0	10	[12.617 27.142 33.675 47.95  53.8  ]	1463.209	0.196415
gcnalign_random	50	0	20	10	[31.307 52.64  59.827 74.56  79.707]	371.652	0.411641
gcnalign_random	20	20	10	30	[10.05  21.95  27.992 41.175 47.425]	1592.398	0.160292
gcnalign_random	10	10	10	30	[ 7.03  16.933 21.726 35.763 42.311]	1832.920	0.120722
gcnalign_random	50	20	30	20	[19.4   35.267 41.547 55.2   60.933]	820.863	0.269986
gcnalign_random	10	50	0	10	[ 4.844 12.    15.985 26.281 31.652]	2805.474	0.086136
gcnalign_random	50	50	30	10	[11.347 21.96  27.16  38.973 44.587]	1337.664	0.167096
gcnalign_random	40	30	20	0	[18.933 35.544 41.733 55.478 60.967]	1066.472	0.266886
gcnalign_random	40	40	30	0	[12.033 24.867 30.444 42.578 48.011]	1438.507	0.182969
gcnalign_random	20	50	40	40	[ 3.25   7.575  9.525 15.817 19.975]	3206.897	0.055076
gcnalign_random	30	30	40	20	[ 9.305 18.771 23.143 34.771 40.276]	1837.055	0.140114
gcnalign_random	10	40	10	40	[ 3.615  8.578 11.333 19.267 23.437]	3164.736	0.062865
gcnalign_random	20	40	10	10	[ 9.867 22.025 27.575 40.642 46.783]	1793.870	0.158686
gcnalign_random	20	30	40	30	[ 5.45  11.925 15.508 24.35  29.333]	2491.242	0.088811
gcnalign_random	20	0	40	10	[11.025 22.867 28.408 42.625 49.458]	1440.489	0.169818
gcnalign_random	30	20	40	30	[ 9.543 19.2   23.39  34.562 40.705]	1749.164	0.144171
gcnalign_random	20	50	40	10	[ 4.308  9.975 12.642 20.333 24.708]	2991.899	0.072783
gcnalign_random	40	20	30	10	[17.144 32.967 39.011 52.067 57.811]	1029.567	0.246409
gcnalign_random	20	50	30	20	[ 5.15  11.717 14.767 23.558 28.792]	2650.511	0.085280
gcnalign_random	40	0	20	10	[26.356 46.133 53.411 68.6   74.211]	489.937	0.356004
gcnalign_random	40	20	0	40	[16.3   33.189 39.933 54.178 60.144]	921.817	0.243158
gcnalign_random	50	30	0	20	[22.107 40.587 47.6   61.64  66.853]	688.051	0.307949
gcnalign_random	20	40	0	30	[ 8.2   18.1   22.408 34.692 40.317]	1998.487	0.131154
gcnalign_random	50	20	0	40	[18.613 36.067 42.653 58.013 63.52 ]	734.338	0.268693
gcnalign_random	30	30	30	10	[11.352 22.571 27.667 40.    45.667]	1642.254	0.169219
gcnalign_random	20	40	30	40	[ 5.308 11.517 14.617 22.958 27.925]	2628.367	0.085131
gcnalign_random	30	50	30	0	[ 8.057 17.352 21.733 32.029 37.41 ]	2116.477	0.127278
gcnalign_random	50	50	10	20	[13.467 26.987 32.92  46.68  52.747]	1065.987	0.202903
gcnalign_random	20	20	0	20	[13.2   28.283 35.1   51.108 57.408]	1260.222	0.205830
gcnalign_random	50	10	10	10	[30.907 52.88  59.467 72.347 77.4  ]	466.213	0.409622
gcnalign_random	30	50	10	0	[10.829 23.162 28.733 40.933 46.086]	1760.184	0.168662
gcnalign_random	50	50	40	30	[ 7.853 16.24  19.493 28.253 33.48 ]	1678.245	0.120393
gcnalign_random	30	10	20	30	[14.952 29.152 35.771 50.429 57.029]	1053.748	0.220145
gcnalign_random	40	20	0	10	[24.267 44.533 51.556 64.956 70.167]	695.799	0.336820
gcnalign_random	10	50	0	0	[ 5.059 12.889 17.074 27.963 33.363]	2700.357	0.091145
gcnalign_random	40	0	0	10	[31.478 53.656 61.556 76.2   81.389]	349.944	0.418115
gcnalign_random	50	30	10	20	[20.653 38.213 45.293 59.187 64.533]	763.278	0.289684
gcnalign_random	30	10	0	40	[15.114 30.79  37.933 52.895 59.514]	968.735	0.227035
gcnalign_random	40	10	10	0	[27.3   48.456 55.467 69.167 73.533]	585.569	0.370753
gcnalign_random	50	0	30	40	[19.853 35.64  42.107 56.787 63.067]	661.358	0.275038
gcnalign_random	50	30	10	40	[16.12  30.84  37.    50.667 56.32 ]	888.032	0.232665
gcnalign_random	20	20	10	40	[ 8.5   19.35  24.517 36.975 42.608]	1770.625	0.139215
gcnalign_random	20	0	30	30	[11.392 22.758 28.608 42.417 49.392]	1351.685	0.173393
gcnalign_random	50	20	20	10	[24.667 43.827 50.867 64.133 69.307]	661.969	0.335949
gcnalign_random	40	0	40	30	[16.622 30.567 36.1   50.367 57.067]	933.794	0.233035
gcnalign_random	30	30	0	20	[14.667 30.371 36.867 51.105 57.   ]	1215.576	0.222026
gcnalign_random	30	10	30	0	[17.086 32.648 39.295 54.257 60.305]	1063.755	0.246706
gcnalign_random	50	30	40	30	[13.267 24.907 29.853 42.467 48.267]	1167.490	0.190660
gcnalign_random	20	10	30	40	[ 8.85  18.017 22.558 34.875 40.892]	1769.330	0.135487
gcnalign_random	50	10	0	10	[32.587 55.107 62.707 75.8   80.04 ]	400.079	0.430215
gcnalign_random	40	20	20	40	[14.533 28.644 34.578 47.033 52.9  ]	1136.630	0.213585
gcnalign_random	10	10	30	30	[ 5.548 12.793 16.911 28.333 34.207]	2287.365	0.094373
gcnalign_random	30	40	30	10	[ 9.276 19.162 23.905 34.81  40.162]	1893.301	0.142685
gcnalign_random	20	0	0	0	[22.833 43.583 51.858 68.725 74.992]	574.970	0.326322
gcnalign_random	20	10	40	30	[ 7.492 16.375 20.358 31.783 37.925]	1971.018	0.120348
gcnalign_random	40	20	20	30	[16.578 31.911 38.011 51.056 57.056]	1014.881	0.238518
gcnalign_random	30	10	20	20	[17.762 33.41  40.41  55.667 61.886]	949.712	0.253654
gcnalign_random	10	30	40	10	[ 3.341  8.385 11.03  19.356 23.993]	3126.968	0.060302
gcnalign_random	10	30	10	20	[ 5.704 14.289 18.926 30.674 36.911]	2321.363	0.101540
gcnalign_random	40	10	0	20	[25.011 45.444 52.767 67.733 73.2  ]	563.789	0.345255
gcnalign_random	10	20	30	40	[ 3.933  8.904 11.926 20.852 26.   ]	2861.612	0.067271
gcnalign_random	20	10	10	0	[18.    34.8   42.308 58.133 64.475]	1001.604	0.261137
gcnalign_random	40	40	40	10	[ 9.911 20.867 25.333 36.089 41.622]	1685.978	0.153053
gcnalign_random	30	50	40	20	[ 6.295 12.829 16.029 24.771 29.724]	2389.437	0.097464
gcnalign_random	30	0	10	10	[23.362 44.257 52.467 68.59  74.171]	556.265	0.332976
gcnalign_random	20	10	0	40	[11.333 24.275 30.775 45.142 51.708]	1294.778	0.177759
gcnalign_random	50	30	20	20	[18.8   34.947 40.907 54.187 59.747]	884.955	0.264902
gcnalign_random	50	0	0	30	[29.52  51.2   59.187 74.16  79.68 ]	335.497	0.396298
gcnalign_random	20	20	40	10	[ 7.958 17.658 22.225 34.167 39.983]	2042.252	0.129218
gcnalign_random	10	0	10	30	[ 7.956 18.696 24.23  39.807 47.163]	1457.924	0.135163
gcnalign_random	50	0	10	30	[27.8   47.96  55.707 71.36  77.   ]	380.825	0.373621
gcnalign_random	40	10	30	40	[15.078 28.989 34.644 47.644 53.722]	1082.557	0.218312
gcnalign_random	10	30	0	30	[ 5.496 13.385 17.622 29.393 35.037]	2391.285	0.096836
gcnalign_random	10	40	0	10	[ 5.778 14.022 18.519 30.341 36.111]	2480.222	0.100588
gcnalign_random	10	50	10	40	[ 2.941  7.163  9.748 17.015 21.126]	3490.390	0.052513
gcnalign_random	50	50	40	40	[ 7.04  13.747 16.64  24.933 30.227]	1781.533	0.104164
gcnalign_random	50	30	40	40	[11.293 20.987 25.333 35.853 41.493]	1351.760	0.161164
gcnalign_random	20	10	0	0	[20.267 39.883 47.758 63.317 69.383]	873.505	0.294631
gcnalign_random	30	40	30	30	[ 7.524 15.781 19.371 29.543 35.314]	2082.227	0.116770
gcnalign_random	40	0	20	30	[22.256 40.533 47.4   62.667 69.   ]	591.041	0.308850
gcnalign_random	20	0	20	20	[14.617 30.192 36.808 52.917 59.417]	1020.697	0.221562
gcnalign_random	40	0	10	30	[23.389 43.789 50.622 66.356 72.744]	518.121	0.328050
gcnalign_random	20	40	30	20	[ 6.567 14.283 18.1   28.2   33.275]	2382.726	0.105244
gcnalign_random	30	20	0	30	[14.981 30.876 37.714 53.048 59.171]	1048.155	0.227157
gcnalign_random	40	40	40	40	[ 7.511 15.044 18.211 27.211 31.967]	1974.486	0.113061
gcnalign_random	20	40	0	40	[ 6.267 15.383 19.583 30.475 36.2  ]	2137.849	0.108292
gcnalign_random	30	20	30	20	[13.657 26.133 31.533 44.99  50.743]	1384.656	0.197564
gcnalign_random	40	20	40	40	[11.189 22.433 26.833 37.689 43.567]	1465.276	0.166222
gcnalign_random	40	40	10	20	[14.444 28.956 34.978 47.811 53.556]	1203.833	0.215098
gcnalign_random	50	40	0	10	[19.933 37.813 44.973 59.067 64.6  ]	807.073	0.283635
gcnalign_random	20	50	20	30	[ 5.25  12.333 15.825 25.108 29.808]	2581.313	0.088996
gcnalign_random	20	50	30	40	[ 3.767  8.508 11.225 18.2   22.425]	3002.740	0.063089
gcnalign_random	50	20	20	20	[22.6   40.427 47.44  61.8   67.36 ]	698.377	0.312165
gcnalign_random	30	0	20	20	[19.4   37.533 45.124 61.162 67.771]	726.226	0.280502
gcnalign_random	40	30	0	40	[12.911 28.1   33.678 46.522 52.478]	1193.193	0.200100
gcnalign_random	10	50	0	40	[ 2.844  7.385 10.104 17.644 22.17 ]	3391.189	0.053882
gcnalign_random	40	20	30	40	[12.4   24.389 29.433 40.944 46.633]	1286.353	0.181963
gcnalign_random	30	40	40	20	[ 7.171 14.733 18.162 27.971 33.343]	2175.975	0.110487
gcnalign_random	30	0	0	20	[22.924 43.305 51.514 68.162 74.2  ]	546.655	0.326698
gcnalign_random	30	10	30	20	[14.905 28.914 34.924 48.838 55.162]	1155.364	0.217580
gcnalign_random	10	0	20	40	[ 6.126 14.385 18.815 32.    38.526]	1926.343	0.105071
gcnalign_random	40	50	40	40	[ 5.433 11.289 13.778 21.122 25.033]	2307.494	0.083999
gcnalign_random	20	0	0	30	[15.283 32.758 40.7   58.033 65.208]	775.646	0.238118
gcnalign_random	30	50	0	10	[10.971 23.257 29.067 41.952 47.829]	1660.843	0.170270
gcnalign_random	50	30	20	30	[16.387 31.053 36.6   49.64  55.547]	963.982	0.234408
gcnalign_random	40	30	0	0	[22.567 42.067 49.067 62.322 67.367]	848.360	0.315327
gcnalign_random	40	30	30	40	[10.722 21.444 25.811 35.967 41.789]	1578.843	0.159234
gcnalign_random	30	40	10	0	[13.448 27.181 33.61  46.21  51.476]	1505.922	0.201836
gcnalign_random	20	0	40	40	[ 8.192 17.058 21.417 34.083 40.042]	1779.253	0.128136
gcnalign_random	40	30	30	20	[14.011 26.889 31.656 43.878 49.667]	1342.746	0.202082
gcnalign_random	50	20	0	10	[28.147 49.067 56.32  69.987 74.667]	536.014	0.379234
gcnalign_random	20	50	0	30	[ 6.492 15.283 19.408 29.975 35.45 ]	2233.875	0.108560
gcnalign_random	30	20	30	0	[13.962 28.105 33.762 47.    52.952]	1310.290	0.207812
gcnalign_random	30	20	30	30	[12.057 23.305 28.229 40.667 46.41 ]	1511.454	0.176442
gcnalign_random	40	10	0	0	[29.956 52.056 59.256 73.211 78.022]	486.801	0.401575
gcnalign_random	40	50	0	40	[ 8.244 18.533 23.667 34.833 40.544]	1592.713	0.133814
gcnalign_random	20	50	20	20	[ 6.075 13.908 17.742 27.258 32.508]	2474.265	0.100970
gcnalign_random	50	40	20	40	[11.533 22.68  27.333 39.413 44.973]	1247.624	0.170863
gcnalign_random	20	50	10	20	[ 7.158 16.183 20.658 31.208 36.475]	2279.505	0.117267
gcnalign_random	10	40	0	40	[ 3.741  9.267 12.304 20.956 25.852]	3009.653	0.067083
gcnalign_random	30	30	10	10	[14.619 29.581 36.048 49.733 55.638]	1259.806	0.218666
gcnalign_random	10	50	10	10	[ 4.356 10.511 13.919 23.222 28.259]	2990.386	0.075879
gcnalign_random	50	10	20	0	[28.387 48.133 54.973 68.893 73.867]	534.657	0.377578
gcnalign_random	40	0	10	0	[30.578 52.511 60.133 74.933 79.711]	384.132	0.408314
gcnalign_random	30	50	20	0	[ 9.514 20.381 25.067 35.99  41.705]	1948.242	0.148043
gcnalign_random	20	30	40	0	[ 6.483 14.575 18.758 29.375 34.7  ]	2422.670	0.106220
gcnalign_random	10	30	20	20	[ 5.081 12.622 16.689 28.43  34.267]	2414.058	0.090603
gcnalign_random	20	20	40	40	[ 6.3   13.017 15.867 25.508 30.45 ]	2409.965	0.097416
gcnalign_random	10	40	10	30	[ 4.044 10.356 13.481 23.111 27.993]	2808.851	0.073365
gcnalign_random	10	40	10	20	[ 4.83  11.607 15.363 25.896 31.556]	2699.158	0.084832
gcnalign_random	30	50	30	40	[ 5.371 11.371 14.257 22.59  27.086]	2463.024	0.084870
gcnalign_random	20	10	30	30	[ 9.842 20.225 25.217 37.392 43.492]	1641.864	0.150181
gcnalign_random	20	0	10	0	[19.592 39.233 47.017 63.958 70.392]	733.682	0.288542
gcnalign_random	40	0	40	10	[19.111 35.089 41.511 56.011 62.811]	800.550	0.267227
gcnalign_random	50	20	40	30	[16.187 29.68  34.84  47.227 53.213]	1016.129	0.226871
gcnalign_random	30	50	30	20	[ 7.038 15.505 19.429 29.59  34.562]	2171.135	0.112727
gcnalign_random	50	30	30	10	[17.493 32.733 38.32  52.    57.653]	942.495	0.247484
gcnalign_random	30	40	20	10	[10.895 21.79  27.314 39.933 45.524]	1667.024	0.164156
gcnalign_random	30	20	30	40	[ 9.848 19.714 24.276 35.705 41.486]	1639.950	0.147984
gcnalign_random	50	30	10	10	[22.24  39.973 46.227 59.933 65.293]	736.518	0.305399
gcnalign_random	30	0	20	40	[14.571 28.914 35.333 50.324 57.152]	983.506	0.217065
gcnalign_random	30	0	0	40	[17.657 34.895 42.076 58.829 65.771]	717.444	0.260501
gcnalign_bernoulli	30	0	40	20	[16.933 32.962 39.676 54.667 61.295]	896.235	0.247836
jape_bernoulli	30	0	20	40	[10.79  24.8   32.181 53.438 63.029]	310.966	0.179890
bootea_posneg	30	0	30	30	[30.524 55.571 65.838 85.295 91.781]	49.818	0.423568
bootea_bernoulli	30	0	40	30	[30.41  55.657 65.048 82.295 87.762]	121.260	0.422525
jape_posneg	30	0	40	10	[ 9.79  22.467 29.448 51.305 62.057]	234.994	0.165283
bootea_bernoulli	30	0	40	0	[37.848 63.686 72.762 87.333 91.619]	85.968	0.497441
bootea_posneg	30	0	40	0	[33.867 58.238 67.8   86.038 91.914]	56.624	0.453718
bootea_bernoulli	30	0	20	30	[39.219 64.752 73.895 89.533 93.61 ]	50.162	0.510647
bootea_bernoulli	30	0	30	20	[38.4   63.952 73.229 88.457 92.457]	65.534	0.502154
jape_bernoulli	30	0	0	30	[15.    32.79  41.571 63.4   73.21 ]	153.016	0.238936
jape_bernoulli	30	0	30	10	[14.21  30.943 39.514 61.762 71.21 ]	211.811	0.227485
gcnalign_posneg	30	0	20	0	[22.848 42.495 50.21  67.733 74.048]	515.885	0.321358
gcnalign_bernoulli	30	0	20	20	[20.295 38.6   46.333 62.638 69.267]	663.220	0.291457
jape_bernoulli	30	0	40	0	[12.229 27.619 35.533 57.105 67.257]	275.959	0.201179
bootea_posneg	30	0	40	30	[26.229 50.448 60.505 82.105 89.286]	61.149	0.378650
bootea_posneg	30	0	10	30	[37.257 62.781 72.733 89.933 94.829]	31.885	0.492034
jape_posneg	30	0	40	40	[ 5.143 13.552 19.638 40.524 51.819]	326.822	0.101372
gcnalign_posneg	30	0	30	10	[18.495 36.495 44.457 62.371 69.562]	589.644	0.273579
bootea_posneg	30	0	10	0	[49.486 74.01  81.895 93.905 96.962]	21.465	0.607478
bootea_posneg	30	0	40	20	[28.99  53.543 63.505 83.638 90.362]	65.435	0.407008
bootea_posneg	30	0	20	30	[35.2   60.562 70.8   88.79  94.152]	37.551	0.472335
bootea_bernoulli	30	0	20	0	[48.276 73.933 82.229 93.829 96.638]	31.001	0.599146
jape_bernoulli	30	0	40	10	[11.924 26.867 34.467 55.419 65.248]	291.841	0.196219
jape_bernoulli	30	0	40	30	[ 9.295 22.076 29.248 48.305 58.495]	388.068	0.160005
gcnalign_posneg	30	0	30	30	[14.562 28.971 36.257 54.333 62.381]	691.157	0.218929
bootea_bernoulli	30	0	0	30	[44.238 68.238 76.6   92.105 95.914]	32.275	0.553737
bootea_posneg	30	0	40	10	[32.029 57.333 67.048 85.895 91.829]	52.648	0.439357
gcnalign_bernoulli	30	0	0	10	[26.467 48.095 56.819 72.524 78.229]	465.798	0.366988
gcnalign_posneg	30	0	30	0	[18.61  36.695 45.057 62.533 69.581]	606.356	0.275195
gcnalign_bernoulli	30	0	40	30	[15.362 29.514 36.21  51.067 57.724]	960.406	0.224180
gcnalign_posneg	30	0	0	10	[25.029 46.4   54.514 70.981 77.057]	488.361	0.350632
gcnalign_posneg	30	0	0	30	[19.648 38.476 46.933 64.076 71.248]	555.018	0.287008
jape_posneg	30	0	0	30	[12.371 28.314 37.486 61.181 70.99 ]	160.853	0.206563
bootea_bernoulli	30	0	10	10	[49.933 73.981 82.105 94.286 97.029]	25.060	0.610632
jape_posneg	30	0	30	40	[ 6.705 15.886 21.962 42.81  54.524]	302.979	0.120897
gcnalign_posneg	30	0	10	20	[20.524 39.895 48.343 65.543 72.133]	536.789	0.297901
gcnalign_bernoulli	30	0	0	30	[21.505 40.895 48.781 65.419 71.619]	528.383	0.308185
gcnalign_posneg	30	0	10	40	[16.133 31.952 39.486 58.019 65.248]	633.310	0.240291
jape_posneg	30	0	10	10	[16.219 35.19  44.59  66.486 75.371]	126.906	0.255860
gcnalign_bernoulli	30	0	30	20	[19.438 36.81  43.476 59.362 66.19 ]	744.724	0.278056
jape_bernoulli	30	0	20	20	[16.514 34.    42.81  63.952 73.133]	186.761	0.252724
gcnalign_posneg	30	0	40	0	[15.638 31.2   38.381 55.476 63.133]	702.748	0.233401
gcnalign_posneg	30	0	0	40	[17.267 33.886 41.543 59.238 66.629]	610.827	0.254432
jape_posneg	30	0	30	20	[10.543 23.238 30.829 52.276 62.876]	227.539	0.173197
gcnalign_bernoulli	30	0	40	0	[17.819 34.876 41.686 56.857 63.229]	928.173	0.259995
gcnalign_bernoulli	30	0	0	0	[28.857 50.533 59.01  74.362 79.686]	447.269	0.390335
bootea_bernoulli	30	0	30	0	[42.743 68.133 76.619 90.286 94.162]	54.625	0.543798
gcnalign_bernoulli	30	0	20	10	[22.705 42.143 49.667 65.848 71.771]	612.283	0.319421
gcnalign_bernoulli	30	0	40	10	[17.21  33.048 39.829 54.714 60.552]	942.327	0.249126
jape_posneg	30	0	20	10	[14.543 31.562 40.124 61.657 71.838]	148.559	0.230818
bootea_bernoulli	30	0	0	20	[48.229 71.962 80.057 93.705 97.114]	22.335	0.591553
gcnalign_posneg	30	0	40	30	[12.362 24.819 31.61  49.476 57.971]	749.889	0.188968
gcnalign_posneg	30	0	40	20	[12.571 26.267 33.019 50.352 58.657]	726.017	0.196479
gcnalign_posneg	30	0	0	20	[23.048 43.143 51.61  68.771 75.171]	508.231	0.326291
bootea_bernoulli	30	0	20	40	[36.01  60.943 70.59  87.238 92.048]	64.040	0.475664
gcnalign_bernoulli	30	0	30	0	[20.695 39.095 46.629 62.448 68.638]	715.447	0.294322
jape_bernoulli	30	0	30	20	[13.352 29.629 37.848 59.562 69.362]	246.736	0.216532
jape_posneg	30	0	20	30	[ 9.276 21.781 28.876 51.276 61.952]	234.397	0.159776
gcnalign_bernoulli	30	0	10	40	[18.59  36.667 44.181 60.657 67.981]	631.549	0.272816
gcnalign_posneg	30	0	20	40	[14.305 28.648 36.152 54.352 61.924]	699.633	0.216279
bootea_posneg	30	0	0	0	[55.01  78.    85.114 95.581 97.924]	16.980	0.654870
bootea_posneg	30	0	40	40	[23.695 46.438 56.543 78.905 86.819]	82.630	0.348563
bootea_bernoulli	30	0	0	40	[40.048 63.905 73.124 90.    94.314]	41.495	0.512207
jape_posneg	30	0	10	30	[11.067 25.676 33.99  55.838 65.886]	194.820	0.186529
jape_bernoulli	30	0	30	40	[ 9.362 21.781 28.781 48.39  58.971]	381.068	0.159599
jape_posneg	30	0	40	30	[ 6.343 16.324 22.505 43.267 54.552]	304.344	0.119754
bootea_bernoulli	30	0	10	0	[51.667 75.476 83.086 94.39  97.133]	23.720	0.625331
jape_posneg	30	0	40	0	[10.438 23.781 30.819 52.733 63.543]	223.964	0.175033
bootea_bernoulli	30	0	0	10	[52.676 76.076 83.571 94.933 97.59 ]	18.251	0.633167
bootea_posneg	30	0	10	40	[34.286 58.743 68.533 87.362 92.771]	44.643	0.457195
bootea_bernoulli	30	0	30	10	[39.79  66.724 75.343 89.152 93.2  ]	58.197	0.519429
bootea_posneg	30	0	20	0	[46.79  71.905 79.676 93.038 96.59 ]	28.386	0.582394
bootea_posneg	30	0	10	10	[47.6   72.743 81.086 93.619 96.895]	22.577	0.590935
gcnalign_posneg	30	0	20	30	[16.686 32.838 39.962 57.438 64.962]	644.021	0.245377
jape_posneg	30	0	40	20	[ 8.19  19.619 26.286 47.99  58.838]	259.454	0.144585
bootea_posneg	30	0	0	30	[40.581 65.657 75.495 91.819 95.752]	29.973	0.523115
jape_posneg	30	0	30	30	[ 7.952 19.438 26.    47.19  58.771]	271.024	0.142250
jape_bernoulli	30	0	0	20	[18.552 38.476 47.838 68.962 77.762]	117.844	0.283692
bootea_posneg	30	0	0	20	[46.048 70.667 79.01  93.01  96.743]	25.438	0.573467
bootea_posneg	30	0	30	10	[37.371 63.162 72.876 89.057 93.933]	37.330	0.494631
gcnalign_bernoulli	30	0	20	0	[23.743 43.314 51.181 66.771 72.867]	604.635	0.330259
bootea_bernoulli	30	0	40	10	[35.533 62.171 71.067 86.924 91.41 ]	86.539	0.477018
jape_bernoulli	30	0	0	10	[21.4   43.505 52.857 73.152 81.495]	94.136	0.319687
jape_bernoulli	30	0	0	0	[24.086 46.714 56.952 76.819 84.629]	73.922	0.349672
gcnalign_bernoulli	30	0	30	40	[15.733 30.752 37.619 53.048 59.99 ]	807.362	0.231367
gcnalign_bernoulli	30	0	10	0	[26.505 47.724 55.876 71.324 76.543]	507.717	0.364792
jape_posneg	30	0	20	20	[12.229 27.4   35.524 57.648 67.695]	184.577	0.200710
jape_bernoulli	30	0	40	20	[10.257 24.333 31.933 52.143 61.848]	354.888	0.175384
jape_posneg	30	0	20	0	[16.724 35.305 44.59  65.971 75.457]	125.120	0.260553
bootea_bernoulli	30	0	20	10	[45.514 71.114 79.695 92.371 95.857]	35.305	0.570481
jape_posneg	30	0	0	40	[10.219 24.267 32.267 54.467 64.943]	212.023	0.175997
bootea_posneg	30	0	20	10	[43.    67.829 76.952 91.476 95.467]	31.771	0.544583
jape_posneg	30	0	0	0	[24.438 48.086 57.733 77.257 85.133]	71.198	0.354694
jape_posneg	30	0	30	0	[13.286 29.429 37.429 59.971 70.01 ]	169.716	0.215778
bootea_posneg	30	0	10	20	[42.152 67.695 76.581 91.781 95.629]	29.447	0.538938
bootea_posneg	30	0	30	0	[40.152 65.962 75.248 90.59  94.79 ]	35.281	0.521085
jape_bernoulli	30	0	10	30	[14.038 31.429 40.105 62.105 71.695]	181.741	0.228739
jape_bernoulli	30	0	0	40	[13.324 28.857 37.343 58.524 68.581]	204.571	0.212505
jape_posneg	30	0	30	10	[11.543 26.076 34.448 56.038 66.476]	201.062	0.191870
gcnalign_posneg	30	0	30	40	[12.99  25.838 32.667 50.114 58.019]	752.620	0.195893
gcnalign_posneg	30	0	10	0	[26.457 47.981 56.286 72.467 78.19 ]	479.344	0.365182
gcnalign_bernoulli	30	0	10	20	[22.733 42.79  51.238 67.552 73.543]	554.606	0.322367
jape_bernoulli	30	0	10	10	[18.667 39.333 48.781 69.59  78.562]	116.346	0.287525
bootea_bernoulli	30	0	20	20	[43.057 69.295 77.8   91.81  95.352]	37.487	0.549187
jape_posneg	30	0	10	0	[20.819 41.99  51.495 72.552 80.867]	91.732	0.310584
gcnalign_bernoulli	30	0	0	40	[18.6   37.324 44.838 61.971 68.99 ]	600.897	0.275640
bootea_posneg	30	0	0	10	[51.2   74.924 82.61  94.79  97.705]	18.317	0.620127
bootea_posneg	30	0	20	20	[40.    65.61  74.971 90.886 95.219]	32.866	0.518465
bootea_bernoulli	30	0	30	40	[32.019 56.286 65.933 83.238 88.648]	98.114	0.434580
jape_bernoulli	30	0	40	40	[ 8.076 18.667 24.886 44.095 54.067]	487.522	0.138307
gcnalign_bernoulli	30	0	10	10	[24.743 45.676 53.438 69.752 75.257]	517.559	0.346487
gcnalign_posneg	30	0	20	10	[20.524 39.21  47.067 64.2   71.257]	560.767	0.294933
gcnalign_posneg	30	0	0	0	[28.333 51.019 58.829 74.257 79.733]	428.290	0.387342
gcnalign_bernoulli	30	0	20	30	[19.333 37.038 44.019 60.933 67.952]	635.489	0.279300
jape_bernoulli	30	0	20	10	[17.162 36.686 45.676 67.695 76.552]	146.534	0.267225
gcnalign_bernoulli	30	0	40	40	[14.39  27.39  33.352 48.076 55.571]	956.199	0.208664
bootea_bernoulli	30	0	40	40	[28.829 52.971 62.029 80.771 86.143]	138.229	0.401433
jape_bernoulli	30	0	10	40	[12.21  26.981 35.571 56.962 67.724]	233.015	0.199872
jape_bernoulli	30	0	10	0	[21.429 43.429 53.381 74.552 82.771]	88.460	0.321414
gcnalign_bernoulli	30	0	30	30	[17.705 34.448 41.133 57.162 64.133]	782.253	0.258069
gcnalign_posneg	30	0	20	20	[19.124 37.333 44.59  62.067 69.343]	599.714	0.277896
bootea_posneg	30	0	0	40	[35.095 59.543 69.505 88.429 93.867]	42.768	0.466193
jape_bernoulli	30	0	10	20	[17.19  36.381 45.638 66.933 76.248]	139.660	0.267023
jape_bernoulli	30	0	30	0	[15.181 33.21  42.257 63.933 73.6  ]	187.732	0.241707
bootea_posneg	30	0	30	20	[34.733 60.81  70.2   88.143 93.533]	39.882	0.468071
gcnalign_bernoulli	30	0	20	40	[16.762 33.514 40.467 56.105 62.705]	743.923	0.248257
gcnalign_posneg	30	0	10	30	[18.533 35.924 43.838 61.61  68.952]	582.835	0.270302
bootea_bernoulli	30	0	10	20	[47.048 71.105 79.676 93.152 96.381]	27.036	0.581709
bootea_bernoulli	30	0	10	40	[37.495 62.143 71.981 88.733 93.267]	49.517	0.490447
jape_bernoulli	30	0	30	30	[11.714 25.876 33.457 53.838 63.857]	309.373	0.190710
jape_bernoulli	30	0	20	0	[17.762 38.067 47.81  69.971 78.686]	125.890	0.277816
gcnalign_posneg	30	0	10	10	[23.038 43.324 51.257 68.2   74.762]	518.209	0.327190
jape_posneg	30	0	10	40	[ 8.114 19.962 26.571 49.362 60.686]	237.750	0.145715
jape_posneg	30	0	10	20	[14.057 31.857 40.143 62.81  72.381]	154.855	0.228895
jape_posneg	30	0	20	40	[ 7.476 17.867 24.867 46.667 57.752]	266.569	0.133676
bootea_posneg	30	0	30	40	[26.314 50.276 60.276 81.629 88.629]	70.523	0.377547
bootea_bernoulli	30	0	10	30	[42.029 67.152 76.429 91.6   95.362]	38.273	0.536467
bootea_posneg	30	0	20	40	[30.848 55.781 65.933 85.571 92.01 ]	50.732	0.426421
gcnalign_bernoulli	30	0	10	30	[20.733 40.438 48.086 65.076 72.152]	571.048	0.300839
bootea_bernoulli	30	0	40	20	[32.39  57.829 67.514 83.81  88.79 ]	105.206	0.442285
gcnalign_posneg	30	0	40	40	[10.295 21.029 26.714 42.99  51.429]	826.978	0.159872
bootea_bernoulli	30	0	30	30	[34.619 60.514 70.057 86.762 91.61 ]	73.345	0.465891
jape_posneg	30	0	0	10	[18.971 40.181 50.124 71.543 80.067]	99.199	0.293445
gcnalign_posneg	30	0	30	20	[16.086 32.01  39.514 56.114 64.133]	678.305	0.239245
bootea_bernoulli	30	0	0	0	[54.105 77.305 84.4   95.286 97.762]	17.003	0.646618
gcnalign_bernoulli	30	0	30	10	[20.552 38.61  46.124 61.238 67.971]	748.423	0.292015
jape_bernoulli	30	0	20	30	[13.076 29.229 37.714 59.152 68.876]	227.384	0.213394
gcnalign_bernoulli	30	0	0	20	[24.41  45.848 54.429 71.286 77.21 ]	463.779	0.345276
gcnalign_posneg	30	0	40	10	[15.59  30.886 38.333 55.829 64.067]	680.212	0.232962
jape_posneg	30	0	0	20	[15.41  34.295 43.924 66.238 75.686]	132.741	0.248586
jape_random	30	0	10	30	[14.933 32.01  40.533 62.267 71.829]	167.655	0.235371
jape_random	30	0	40	20	[ 9.581 22.705 30.619 51.581 62.238]	270.542	0.165768
jape_random	30	0	40	40	[ 7.21  18.01  24.429 44.448 55.143]	357.429	0.131415
jape_random	30	0	0	10	[20.619 42.105 52.133 73.257 81.524]	89.789	0.310156
jape_random	30	0	40	0	[11.248 26.829 35.524 58.752 69.381]	197.229	0.193544
jape_random	30	0	10	20	[16.695 35.181 44.314 66.438 75.962]	135.687	0.259307
jape_random	30	0	0	40	[11.99  27.39  35.886 58.171 68.248]	191.441	0.198895
jape_random	30	0	40	30	[ 8.39  20.362 27.238 48.381 58.724]	301.094	0.148221
jape_random	30	0	10	0	[21.41  43.514 53.486 74.914 83.   ]	85.253	0.320204
jape_random	30	0	30	20	[12.41  28.505 36.019 58.352 67.79 ]	208.955	0.205308
jape_random	30	0	10	40	[11.79  26.905 34.629 56.4   66.419]	217.450	0.194705
jape_random	30	0	30	0	[14.714 32.81  41.419 64.61  74.343]	150.282	0.237509
jape_random	30	0	10	10	[19.01  39.314 49.133 70.01  79.229]	109.112	0.290076
jape_random	30	0	30	30	[10.714 24.533 32.467 53.8   64.257]	243.630	0.179635
jape_random	30	0	20	40	[10.467 24.029 31.629 53.352 63.848]	252.988	0.175395
jape_random	30	0	20	20	[14.867 32.448 40.886 63.067 72.886]	162.667	0.236289
jape_random	30	0	20	0	[18.276 38.819 48.124 70.324 79.638]	113.022	0.283079
jape_random	30	0	0	30	[15.714 33.495 42.448 63.771 73.39 ]	148.275	0.245011
jape_random	30	0	30	40	[ 8.619 20.895 28.295 49.4   59.952]	286.144	0.152782
jape_random	30	0	40	10	[10.857 24.771 32.381 54.581 65.257]	235.615	0.181363
jape_random	30	0	20	10	[15.8   35.162 44.781 67.219 76.41 ]	135.555	0.254362
jape_random	30	0	20	30	[12.562 28.467 36.638 58.333 68.562]	204.708	0.206293
jape_random	30	0	0	0	[22.895 44.781 54.667 75.276 83.362]	79.525	0.334286
jape_random	30	0	30	10	[12.971 29.876 38.581 60.79  71.   ]	179.024	0.215535
jape_random	30	0	0	20	[17.743 37.867 47.495 68.2   77.257]	112.567	0.275927
bootea_random	30	40	0	40	[22.629 45.4   56.095 78.733 85.686]	149.674	0.337442
bootea_random	30	30	30	30	[22.371 44.105 53.505 73.343 80.59 ]	195.188	0.327984
bootea_random	30	50	20	0	[26.067 50.343 60.686 79.6   85.638]	158.299	0.377034
bootea_random	30	50	0	10	[30.705 56.438 66.352 84.895 90.314]	97.225	0.426465
bootea_random	30	0	10	10	[48.219 73.019 81.362 93.943 96.905]	23.968	0.596953
bootea_random	30	50	10	20	[23.619 47.038 57.476 78.695 85.19 ]	151.304	0.348744
bootea_random	30	0	30	10	[40.438 67.019 75.733 90.133 93.857]	54.368	0.525572
bootea_random	30	20	10	10	[41.667 67.067 75.838 90.667 94.39 ]	47.769	0.534523
bootea_random	30	0	0	0	[54.429 77.524 84.448 95.581 98.01 ]	15.517	0.648903
bootea_random	30	20	0	0	[46.638 70.686 79.019 92.124 95.524]	36.825	0.577701
bootea_random	30	30	0	10	[38.99  63.933 73.324 89.41  93.924]	46.912	0.505123
bootea_random	30	40	30	30	[20.    40.381 50.229 71.076 77.886]	244.675	0.299981
bootea_random	30	10	30	30	[30.467 55.629 65.086 82.971 88.667]	100.329	0.422486
bootea_random	30	0	20	20	[41.695 68.162 76.676 90.905 94.886]	44.569	0.536994
bootea_random	30	40	0	20	[32.048 57.41  67.752 86.6   91.8  ]	74.675	0.439697
bootea_random	30	10	40	40	[23.829 45.486 54.886 74.533 81.305]	184.078	0.342288
bootea_random	30	0	0	10	[51.324 74.886 82.4   94.686 97.41 ]	19.302	0.620802
bootea_random	30	0	10	0	[51.562 75.676 83.219 94.448 97.371]	22.215	0.625771
bootea_random	30	10	20	40	[30.905 54.962 64.6   84.038 89.667]	86.782	0.423816
bootea_random	30	40	30	10	[24.429 48.914 59.048 78.067 84.362]	160.450	0.359885
bootea_random	30	20	40	0	[29.524 54.61  64.314 81.524 86.895]	127.629	0.412343
bootea_random	30	50	0	30	[19.067 40.638 50.305 73.    80.819]	223.065	0.295549
bootea_random	30	50	0	20	[26.79  50.8   61.552 82.381 88.238]	117.431	0.383106
bootea_random	30	40	40	0	[20.771 42.771 52.333 71.6   78.467]	237.249	0.312350
bootea_random	30	10	10	40	[32.343 56.686 66.743 85.99  91.438]	67.439	0.439547
bootea_random	30	0	40	20	[32.029 57.305 66.352 83.81  88.829]	94.227	0.436933
bootea_random	30	30	20	30	[26.533 50.581 60.819 80.733 86.762]	120.053	0.379877
bootea_random	30	50	20	40	[13.467 29.752 37.781 59.305 67.352]	449.176	0.215871
bootea_random	30	50	0	40	[15.295 34.886 44.581 68.219 76.457]	293.864	0.250350
bootea_random	30	30	20	20	[29.781 55.057 64.819 83.733 89.21 ]	101.907	0.415715
bootea_random	30	40	40	20	[17.638 37.533 46.743 66.619 74.276]	274.179	0.273626
bootea_random	30	50	10	0	[28.667 53.81  64.362 82.638 88.352]	114.966	0.405431
bootea_random	30	30	30	10	[26.781 51.514 62.    79.867 85.962]	131.665	0.384543
bootea_random	30	10	40	30	[26.21  49.505 59.171 77.695 83.619]	153.505	0.372772
bootea_random	30	30	0	0	[42.914 68.629 77.39  91.371 95.01 ]	35.810	0.546398
bootea_random	30	40	10	30	[25.771 50.095 60.648 81.705 87.295]	120.674	0.375056
bootea_random	30	10	0	30	[39.79  65.076 74.257 90.676 95.029]	40.682	0.515204
bootea_random	30	10	40	10	[29.924 54.743 64.038 81.476 87.038]	122.795	0.414502
bootea_random	30	50	30	20	[14.8   33.695 42.267 63.39  71.295]	351.751	0.239667
bootea_random	30	0	20	30	[36.543 62.79  71.819 88.476 92.829]	52.982	0.487396
bootea_random	30	50	30	30	[14.057 31.438 40.457 61.59  69.543]	383.339	0.228419
bootea_random	30	50	20	30	[16.095 35.6   44.714 66.705 75.124]	316.722	0.256504
bootea_random	30	20	20	20	[34.095 59.895 69.914 86.638 91.381]	76.027	0.460474
bootea_random	30	20	30	20	[30.019 55.41  65.162 82.724 88.152]	110.601	0.418353
bootea_random	30	10	10	0	[47.105 72.362 80.724 93.086 96.143]	30.348	0.586777
bootea_random	30	50	40	10	[13.448 29.895 38.533 58.019 65.752]	448.094	0.216585
bootea_random	30	10	20	20	[36.914 63.448 72.695 88.429 92.943]	59.146	0.490928
bootea_random	30	10	30	20	[33.886 59.181 68.819 85.829 90.962]	78.905	0.457627
bootea_random	30	40	20	10	[27.962 53.057 63.095 81.79  87.4  ]	122.677	0.397498
bootea_random	30	40	20	0	[31.686 57.152 67.133 84.19  89.6  ]	95.147	0.435013
bootea_random	30	10	0	20	[43.21  68.733 77.086 91.848 95.771]	29.850	0.548622
bootea_random	30	40	40	30	[14.    30.543 38.762 57.857 66.057]	425.571	0.222150
bootea_random	30	20	0	10	[43.276 68.457 77.39  91.571 95.133]	40.602	0.549188
bootea_random	30	20	30	10	[32.229 58.181 67.724 84.438 89.733]	100.108	0.442221
bootea_random	30	30	0	40	[26.448 50.162 60.867 82.552 88.419]	111.066	0.378729
bootea_random	30	40	30	20	[21.657 44.533 54.648 74.79  81.552]	185.143	0.326982
bootea_random	30	40	30	40	[17.    37.257 46.981 67.895 75.41 ]	275.769	0.269439
bootea_random	30	0	40	0	[36.229 62.648 71.838 87.295 91.695]	82.482	0.484167
bootea_random	30	10	0	40	[35.2   59.371 69.133 88.324 93.581]	52.115	0.466567
bootea_random	30	20	30	40	[23.324 46.41  55.695 76.238 82.857]	169.718	0.343211
bootea_random	30	20	40	30	[22.133 44.105 53.276 72.6   79.705]	215.495	0.326736
bootea_random	30	20	40	10	[26.495 50.571 59.952 78.324 84.124]	157.771	0.378722
bootea_random	30	30	10	40	[24.229 46.819 56.781 78.305 85.19 ]	149.495	0.350557
bootea_random	30	20	30	30	[27.229 51.467 61.419 80.619 86.638]	127.798	0.387324
bootea_random	30	40	40	40	[12.514 27.362 34.676 53.305 61.476]	538.444	0.200740
bootea_random	30	20	10	20	[37.419 63.543 73.133 89.276 93.562]	54.136	0.495735
bootea_random	30	50	30	10	[18.857 39.971 50.086 70.467 77.495]	253.025	0.290994
bootea_random	30	20	0	40	[31.505 55.819 66.048 86.181 91.543]	74.623	0.430050
bootea_random	30	0	40	10	[34.638 60.638 69.905 85.676 90.419]	83.668	0.465576
bootea_random	30	30	40	20	[22.019 43.914 52.714 72.105 78.952]	213.290	0.324548
bootea_random	30	20	10	40	[29.381 54.    63.905 83.952 89.381]	97.396	0.410002
bootea_random	30	0	40	40	[26.152 49.095 58.448 77.333 83.829]	154.227	0.370611
bootea_random	30	50	0	0	[32.076 57.324 67.438 85.181 90.448]	94.218	0.439363
bootea_random	30	10	40	20	[28.705 53.905 63.514 81.429 87.114]	123.523	0.404468
bootea_random	30	20	20	40	[27.581 52.276 62.114 82.143 87.895]	112.751	0.392227
bootea_random	30	30	30	0	[31.381 57.238 66.943 83.695 88.61 ]	104.400	0.432686
bootea_random	30	50	10	10	[24.429 48.686 59.276 80.2   86.524]	138.863	0.359399
bootea_random	30	50	30	40	[10.971 26.2   34.143 53.457 61.6  ]	554.706	0.185778
bootea_random	30	40	0	0	[38.743 63.876 73.4   89.286 93.438]	53.466	0.504090
bootea_random	30	20	10	0	[44.352 70.057 78.276 91.581 95.   ]	44.544	0.561637
bootea_random	30	0	20	10	[44.59  70.352 78.457 91.686 95.2  ]	36.839	0.563141
bootea_random	30	50	30	0	[20.562 42.238 52.067 72.524 79.39 ]	222.523	0.309953
bootea_random	30	10	30	40	[27.333 51.333 61.181 80.619 86.629]	112.703	0.387414
bootea_random	30	40	10	0	[34.981 60.657 70.457 87.171 92.01 ]	70.870	0.469013
bootea_random	30	40	40	10	[17.171 36.    44.829 64.676 72.19 ]	320.441	0.263334
bootea_random	30	40	10	10	[33.248 59.181 69.067 86.381 91.438]	79.464	0.453622
bootea_random	30	50	10	30	[17.552 38.01  48.048 70.648 78.095]	260.918	0.275779
bootea_random	30	10	20	30	[34.743 60.2   69.6   86.724 91.771]	71.653	0.465571
bootea_random	30	20	20	10	[37.029 63.838 72.943 88.124 92.543]	68.912	0.493549
bootea_random	30	20	30	0	[34.219 59.762 68.981 84.762 89.819]	94.458	0.459954
bootea_random	30	10	20	10	[40.895 67.381 76.41  90.638 94.362]	48.116	0.530113
bootea_random	30	0	30	20	[37.848 64.39  73.648 88.705 92.867]	57.132	0.500855
bootea_random	30	40	20	20	[26.152 51.276 61.2   80.914 86.79 ]	127.078	0.379264
bootea_random	30	30	30	20	[25.8   49.248 59.6   78.905 85.105]	145.587	0.371119
bootea_random	30	30	0	30	[31.752 55.79  66.162 85.533 90.886]	79.042	0.431476
bootea_random	30	0	10	40	[35.457 60.629 70.2   87.714 92.667]	52.704	0.471642
bootea_random	30	30	10	10	[35.724 61.229 70.952 87.619 92.562]	60.500	0.475259
bootea_random	30	50	40	20	[11.067 25.143 32.819 50.867 58.867]	591.736	0.182582
bootea_random	30	30	40	0	[25.371 48.705 58.562 76.933 83.01 ]	167.361	0.364436
bootea_random	30	0	10	30	[40.81  65.867 74.981 90.667 94.8  ]	37.069	0.525823
bootea_random	30	0	0	30	[43.333 67.905 76.419 92.219 96.01 ]	29.499	0.546913
bootea_random	30	50	20	20	[18.638 39.933 49.905 71.59  78.524]	251.575	0.289416
bootea_random	30	20	40	20	[24.952 48.352 57.962 76.543 83.152]	166.125	0.359810
bootea_random	30	30	20	0	[35.162 61.162 70.695 86.457 91.143]	75.891	0.471734
bootea_random	30	0	20	40	[33.39  57.924 67.21  85.267 90.6  ]	69.453	0.449539
bootea_random	30	30	10	0	[39.19  65.343 74.638 89.162 93.476]	51.576	0.511879
bootea_random	30	30	40	40	[16.571 34.438 42.581 61.657 69.505]	354.098	0.253768
bootea_random	30	10	10	30	[37.724 62.648 71.981 89.019 93.6  ]	49.817	0.493663
bootea_random	30	20	20	30	[29.8   54.895 64.838 83.59  89.114]	97.743	0.416547
bootea_random	30	30	10	30	[28.867 52.81  62.619 82.629 88.314]	105.258	0.401313
bootea_random	30	40	30	0	[26.81  51.238 60.657 79.343 85.257]	146.839	0.383228
bootea_random	30	20	0	20	[41.105 65.971 74.79  90.724 94.848]	42.047	0.526403
bootea_random	30	40	20	30	[22.695 46.229 56.476 77.39  84.124]	162.180	0.339407
bootea_random	30	40	20	40	[19.248 39.838 50.057 72.048 79.114]	240.350	0.294248
bootea_random	30	40	10	20	[30.79  55.238 66.029 84.657 89.971]	88.781	0.424928
bootea_random	30	20	20	0	[39.667 66.59  75.143 89.352 93.152]	61.312	0.519607
bootea_random	30	40	0	10	[36.352 61.59  71.495 88.79  93.19 ]	58.560	0.482121
bootea_random	30	0	30	0	[41.876 68.429 77.21  90.657 94.314]	49.812	0.539719
bootea_random	30	10	10	20	[41.781 67.819 76.838 91.762 95.324]	35.469	0.537675
bootea_random	30	0	0	40	[36.733 61.152 70.848 88.99  93.819]	42.043	0.481969
bootea_random	30	50	40	40	[ 9.486 22.057 28.21  45.943 53.867]	742.372	0.158422
bootea_random	30	40	10	40	[22.143 44.495 54.838 77.133 84.   ]	168.578	0.330098
bootea_random	30	0	30	30	[34.61  60.981 70.381 86.99  91.648]	74.022	0.467965
bootea_random	30	10	0	0	[50.752 74.467 82.295 94.124 97.076]	23.104	0.615951
bootea_random	30	10	10	10	[45.057 70.181 78.8   92.562 96.105]	31.419	0.566479
bootea_random	30	20	40	40	[20.352 40.705 49.448 69.638 76.686]	252.559	0.302253
bootea_random	30	30	20	40	[22.895 45.533 55.438 76.629 83.371]	168.367	0.336981
bootea_random	30	30	30	40	[19.505 39.895 48.933 69.295 76.895]	251.902	0.294090
bootea_random	30	50	40	30	[10.324 23.876 30.867 48.743 56.429]	667.385	0.172148
bootea_random	30	50	20	10	[22.781 46.505 56.419 76.933 83.4  ]	183.695	0.339772
bootea_random	30	0	0	20	[47.    71.886 79.676 93.41  96.752]	23.062	0.582992
bootea_random	30	10	20	0	[42.629 68.905 77.629 91.143 94.781]	43.858	0.545842
bootea_random	30	10	0	10	[47.876 72.21  80.686 94.01  96.895]	25.703	0.590675
bootea_random	30	30	40	30	[20.124 41.048 50.286 70.4   77.733]	242.262	0.302588
bootea_random	30	0	20	0	[48.352 73.79  81.581 93.629 96.457]	30.964	0.599095
bootea_random	30	30	20	10	[32.267 57.59  67.2   84.638 89.79 ]	91.616	0.440714
bootea_random	30	50	40	0	[15.057 32.59  40.924 61.162 68.848]	405.393	0.237347
bootea_random	30	50	10	40	[16.924 36.448 46.295 69.914 77.438]	279.454	0.266329
bootea_random	30	40	0	30	[27.933 52.571 63.333 84.067 89.619]	98.724	0.397622
bootea_random	30	0	30	40	[27.99  51.124 60.571 79.476 85.705]	123.911	0.390610
bootea_random	30	30	0	20	[35.41  61.533 70.876 88.438 93.152]	54.227	0.474256
bootea_random	30	30	10	20	[32.79  58.524 68.467 86.943 91.714]	67.437	0.447942
bootea_random	30	0	10	20	[44.924 70.39  79.01  93.01  96.238]	28.849	0.566343
bootea_random	30	0	40	30	[29.81  54.581 63.876 81.41  87.267]	114.116	0.414161
bootea_random	30	20	10	30	[34.467 59.2   69.105 87.467 92.286]	68.682	0.461657
bootea_random	30	30	40	10	[23.486 46.2   56.029 74.914 81.238]	188.449	0.342806
bootea_random	30	10	30	10	[36.705 63.314 72.962 88.143 92.657]	63.393	0.490337
bootea_random	30	10	40	0	[31.581 57.171 66.657 83.048 88.438]	108.453	0.434075
bootea_random	30	10	30	0	[38.276 65.086 74.505 89.19  93.181]	61.186	0.506451
bootea_random	30	20	0	30	[35.781 60.267 70.029 88.238 92.867]	57.764	0.473281
